1001 0001 0001 0001 0001 0001 00000000
1010 0001 0001 0001 0001 0001 00000000
1011 0001 0001 0001 0001 0001 00000000
1100 0001 0001 0001 0001 0001 00000000
1101 0001 0001 0001 0001 0001 00000000
1110 0001 0001 0001 0001 0001 00000000
1111 0001 0001 0001 0001 0001 00000000
0000 0001 0001 0001 0001 0001 00000000
0001 0001 0001 0001 0001 0001 00000000
0010 0001 0001 0001 0001 0001 00000000
0011 0001 0001 0001 0001 0001 00000000
0100 0001 0001 0001 0001 0001 00000000
0101 0001 0001 0001 0001 0001 00000000
0110 0001 0001 0001 0001 0001 00000000
