0.0 3.60112518576304e-06 00000000 00000000
0.078125 3.8937446871018545e-06 00000001 00000000
0.15625 4.210141801514695e-06 00000001 00000000
0.234375 4.552248644687965e-06 00000010 00000000
0.3125 4.922154331620261e-06 00000010 00000000
0.390625 5.322117734013119e-06 00000011 00000000
0.46875 5.754581274294457e-06 00000100 00000000
0.546875 6.222185840508329e-06 00000100 00000000
0.625 6.727786913149214e-06 00000101 00000000
0.703125 7.274472002419615e-06 00000110 00000000
0.78125 7.865579502391777e-06 00000110 00000000
0.859375 8.504719077206491e-06 00000111 00000000
0.9375 9.195793703797138e-06 00001000 00000000
1.015625 9.943023505742445e-06 00001000 00000000
1.09375 1.0750971523788681e-05 00001001 00000000
1.171875 1.162457158040787e-05 00001001 00000000
1.25 1.2569158408545414e-05 00001010 00000000
1.328125 1.3590500228536221e-05 00001011 00000000
1.40625 1.469483397211748e-05 00001011 00000000
1.484375 1.588890336862995e-05 00001100 00000000
1.5625 1.718000012597653e-05 00001100 00000000
1.640625 1.8576008457803932e-05 00001101 00000000
1.71875 2.0085453228805477e-05 00001110 00000000
1.796875 2.1717552012135494e-05 00001110 00000000
1.875 2.348227137681306e-05 00001111 00000000
1.953125 2.5390387748820823e-05 00010000 00000000
2.03125 2.7453553217531226e-05 00010000 00000000
2.109375 2.968436668928751e-05 00010001 00000000
2.1875 3.2096450822615525e-05 00010010 00000000
2.265625 3.470453521484297e-05 00010010 00000000
2.34375 3.7524546348071515e-05 00010011 00000000
2.421875 4.057370484371649e-05 00010011 00000000
2.5 4.387063061945103e-05 00010100 00000000
2.578125 4.7435456590638124e-05 00010101 00000000
2.65625 5.12899516105006e-05 00010101 00000000
2.734375 5.545765339968215e-05 00010110 00000000
2.8125 5.996401227683831e-05 00010110 00000000
2.890625 6.483654656783472e-05 00010111 00000000
2.96875 7.010501064242517e-05 00011000 00000000
3.046875 7.580157660436698e-05 00011000 00000000
3.125 8.196103074427754e-05 00011001 00000000
3.203125 8.862098595465111e-05 00011010 00000000
3.28125 9.582211140388847e-05 00011010 00000000
3.359375 0.0001036083808715378 00011011 00000000
3.4375 0.00011202734126084614 00011100 00000000
3.515625 0.00012113040292786966 00011100 00000000
3.59375 0.0001309731535995392 00011101 00000000
3.671875 0.00014161569779703675 00011101 00000000
3.75 0.0001531230238364838 00011110 00000000
3.828125 0.0001655654006472235 00011111 00000000
3.90625 0.00017901880682992004 00011111 00000000
3.984375 0.00019356539457340537 00100000 00000000
4.0625 0.00020929399126187636 00100000 00000000
4.140625 0.0002263006418339762 00100001 00000000
4.21875 0.0002446891952038802 00100010 00000000
4.296875 0.000264571938323262 00100010 00000000
4.375 0.00028607028175357336 00100011 00000000
4.453125 0.0003093155009321941 00100100 00000000
4.53125 0.0003344495376556075 00100100 00000000
4.609375 0.00036162586666989104 00100101 00000000
4.6875 0.0003910104326557122 00100110 00000000
4.765625 0.00042278266332408524 00100110 00000000
4.84375 0.000457136564802989 00100111 00000000
4.921875 0.0004942819059963643 00100111 00000000
5.0 0.0005344454991390458 00101000 00000000
5.078125 0.0005778725843571186 00101001 00000000
5.15625 0.0006248283266765511 00101001 00000000
5.234375 0.0006755994346075896 00101010 00000000
5.3125 0.0007304959101724149 00101010 00000000
5.390625 0.0007898529410434331 00101011 00000000
5.46875 0.0008540329463241139 00101100 00000000
5.546875 0.0009234277884386912 00101100 00000000
5.625 0.0009984611646069283 00101101 00000000
5.703125 0.0010795911924715714 00101110 00000000
5.78125 0.001167313205625609 00101110 00000000
5.859375 0.0012621627760610807 00101111 00000000
5.9375 0.0013647189819385322 00110000 00000000
6.015625 0.0014756079405645183 00110000 00000000
6.09375 0.0015955066280726464 00110001 00000000
6.171875 0.0017251470090410771 00110001 00000000
6.25 0.0018653205011564368 00110010 00000000
6.328125 0.002016882802061845 00110011 00000000
6.40625 0.002180759107717116 00110011 00000000
6.484375 0.0023579497539650625 00110100 00000000
6.5625 0.002549536315553007 00110100 00000000
6.640625 0.0027566881996180224 00110101 00000000
6.71875 0.002980669773624032 00110110 00000000
6.796875 0.0032228480709560344 00110110 00000000
6.875 0.0034847011208497423 00110111 00000000
6.953125 0.0037678269530838624 00111000 00000000
7.03125 0.004073953331908338 00111000 00000000
7.109375 0.004404948278048035 00111001 00000000
7.1875 0.004762831442332202 00111010 00000000
7.265625 0.005149786399581705 00111010 00000000
7.34375 0.005568173936866858 00111011 00000000
7.421875 0.006020546416158548 00111011 00000000
7.5 0.006509663297766609 00111100 00000000
7.578125 0.007038507917826073 00111101 00000000
7.65625 0.007610305620490939 00111101 00000000
7.734375 0.008228543353464866 00111110 00000000
7.8125 0.008896990844080497 00111110 00000000
7.890625 0.0096197234823774 00111111 00000000
7.96875 0.010401147047569514 01000000 00000000
8.046875 0.011246024424985339 01000000 00000000
8.125 0.012159504472059664 01000001 00000000
8.203125 0.013147153204308492 01000010 00000000
8.28125 0.0142149874854859 01000010 00000000
8.359375 0.015369511420362122 01000011 00000000
8.4375 0.016617755663837667 01000100 00000000
8.515625 0.01796731987648257 01000100 00000000
8.59375 0.019426418574128308 01000101 00000000
8.671875 0.021003930637909285 01000101 00000000
8.75 0.02270945277121882 01000110 00000000
8.828125 0.024553357211478978 01000111 00000000
8.90625 0.02654685402749129 01000111 00000000
8.984375 0.028702058357502027 01001000 00000000
9.0625 0.031032062969042755 01001000 00000000
9.140625 0.03355101654915229 01001001 00000000
9.21875 0.03627420816280037 01001010 00000000
9.296875 0.03921815834825767 01001010 00000000
9.375 0.04240071735082115 01001011 00000000
9.453125 0.045841171030722536 01001100 00000000
9.53125 0.04956035501721536 01001100 00000000
9.609375 0.053580777718723806 01001101 00000000
9.6875 0.057926752838484745 01001110 00000000
9.765625 0.06262454208622827 01001110 00000001
9.84375 0.06770250881897964 01001111 00000001
9.921875 0.073191283387836 01001111 00000001
10.0 0.07912394101231278 01010000 00000001
10.078125 0.08553619304923689 01010001 00000001
10.15625 0.09246659256875606 01010001 00000001
10.234375 0.09995675519530595 01010010 00000001
10.3125 0.10805159621566401 01010010 00000001
10.390625 0.1167995849987148 01010011 00000001
10.46875 0.12625301781126472 01010100 00000001
10.546875 0.13646831014999272 01010100 00000001
10.625 0.14750630973997467 01010101 00000001
10.703125 0.15943263137348032 01010110 00000001
10.78125 0.17231801477689473 01010110 00000001
10.859375 0.18623870669628825 01010111 00000001
10.9375 0.20127686838055944 01011000 00000010
11.015625 0.21752100961194806 01011000 00000010
11.09375 0.23506645038326596 01011001 00000010
11.171875 0.25401581124503425 01011001 00000010
11.25 0.2744795332387835 01011010 00000010
11.328125 0.29657642818925845 01011011 00000010
11.40625 0.3204342599415404 01011011 00000011
11.484375 0.3461903568916219 01011100 00000011
11.5625 0.37399225586222185 01011100 00000011
11.640625 0.403998377010061 01011101 00000011
11.71875 0.4363787290057561 01011110 00000011
11.796875 0.4713156431911256 01011110 00000100
11.875 0.5090045347780708 01011111 00000100
11.953125 0.549654688394189 01100000 00000100
12.03125 0.5934900643877535 01100000 00000101
12.109375 0.6407501212625678 01100001 00000101
12.1875 0.6916906484047249 01100010 00000110
12.265625 0.7465846018713757 01100010 00000110
12.34375 0.8057229344192595 01100011 00000110
12.421875 0.8694154091417935 01100011 00000111
12.5 0.9379913840434022 01100100 00001000
12.578125 1.0118005525966556 01100101 00001000
12.65625 1.0912136227939686 01100101 00001001
12.734375 1.1766229144191596 01100110 00001001
12.8125 1.2684428512310406 01100110 00001010
12.890625 1.367110321487698 01100111 00001011
12.96875 1.473084876775692 01101000 00001100
13.046875 1.5868487354890155 01101000 00001101
13.125 1.7089065535943753 01101001 00001110
13.203125 1.8397849216123463 01101010 00001111
13.28125 1.980031543156567 01101010 00010000
13.359375 2.1302140470560533 01101011 00010001
13.4375 2.290918382225679 01101100 00010010
13.515625 2.4627467422728366 01101100 00010100
13.59375 2.6463149656012432 01101101 00010101
13.671875 2.8422493568037672 01101101 00010111
13.75 3.0511828767715037 01101110 00011000
13.828125 3.2737506525648974 01101111 00011010
13.90625 3.5105847640950643 01101111 00011100
13.984375 3.762308273456282 01110000 00011110
14.0625 4.029528474724234 01110000 00100000
14.140625 4.312829357534618 01110001 00100011
14.21875 4.612763297047699 01110010 00100101
14.296875 4.929842006127534 01110010 00100111
14.375 5.264526812690021 01110011 00101010
14.453125 5.617218355949739 01110100 00101101
14.53125 5.98824582919765 01110100 00110000
14.609375 6.37785593292946 01110101 00110011
14.6875 6.78620173942737 01110110 00110110
14.765625 7.213331706722454 01110110 00111010
14.84375 7.659179114326772 01110111 00111101
14.921875 8.123552223015965 01110111 01000001
15.0 8.606125483839843 01111000 01000101
15.078125 9.106432134928856 01111001 01001001
15.15625 9.623858526119728 01111001 01001101
15.234375 10.157640498805627 01111010 01010001
15.3125 10.706862120101952 01111010 01010110
15.390625 11.270457025532469 01111011 01011010
15.46875 11.84721256305877 01111100 01011111
15.546875 12.435776854587164 01111100 01100011
15.625 13.034668801469769 01111101 01101000
15.703125 13.642290961519691 01111110 01101101
15.78125 14.256945121266327 01111110 01110010
15.859375 14.876850283948432 01111111 01110111
15.9375 15.500162696863502 10000000 01111100
16.015625 16.124997456930576 10000000 10000001
16.09375 16.74945116596237 10000001 10000110
16.171875 17.371625061520167 10000001 10001011
16.25 17.989648028345538 10000010 10010000
16.328125 18.601698900618025 10000011 10010101
16.40625 19.20602749632656 10000011 10011010
16.484375 19.800973879803202 10000100 10011110
16.5625 20.38498542337226 10000100 10100011
16.640625 20.95663132934808 10000101 10101000
16.71875 21.514614373737153 10000110 10101100
16.796875 22.057779737134272 10000110 10110000
16.875 22.58512089078436 10000111 10110101
16.953125 23.095782601523133 10001000 10111001
17.03125 23.58906120411787 10001000 10111101
17.109375 24.06440236031351 10001001 11000001
17.1875 24.52139657875071 10001010 11000100
17.265625 24.959772808131415 10001010 11001000
17.34375 25.37939043789158 10001011 11001011
17.421875 25.78023004740017 10001011 11001110
17.5 26.162383238196597 10001100 11010001
17.578125 26.5260418662853 10001101 11010100
17.65625 26.871486965511657 10001101 11010111
17.734375 27.1990776210424 10001110 11011010
17.8125 27.509240016317335 10001110 11011100
17.890625 27.8024568396219 10001111 11011110
17.96875 28.0792571994189 10010000 11100001
18.046875 28.340207162182004 10010000 11100011
18.125 28.58590099373916 10010001 11100101
18.203125 28.816953155772573 10010010 11100111
18.28125 29.03399108353997 10010010 11101000
18.359375 29.23764874923935 10010011 11101010
18.4375 29.428560997689374 10010100 11101011
18.515625 29.60735862694524 10010100 11101101
18.59375 29.774664175813502 10010101 11101110
18.671875 29.931088372600836 10010101 11101111
18.75 30.077227194431757 10010110 11110001
18.828125 30.21365948369234 10010111 11110010
18.90625 30.34094506720704 10010111 11110011
18.984375 30.459623324267685 10011000 11110100
19.0625 30.570212151275193 10011000 11110101
19.140625 30.673207273234894 10011001 11110101
19.21875 30.76908185541362 10011010 11110110
19.296875 30.858286371912623 10011010 11110111
19.375 30.941248691561466 10011011 11111000
19.453125 31.01837434525843 10011100 11111000
19.53125 31.090046942564715 10011100 11111001
19.609375 31.156628708924163 10011101 11111001
19.6875 31.21846111826857 10011110 11111010
19.765625 31.27586559894281 10011110 11111010
19.84375 31.329144293819915 10011111 11111011
19.921875 31.378580858161644 10011111 11111011
20.0 31.42444128121307 10100000 11111011
