00000000 00000000
00000001 00000000
00000001 00000000
00000010 00000000
00000010 00000000
00000011 00000000
00000100 00000000
00000100 00000000
00000101 00000000
00000110 00000000
00000110 00000000
00000111 00000000
00001000 00000000
00001000 00000000
00001001 00000000
00001001 00000000
00001010 00000000
00001011 00000000
00001011 00000000
00001100 00000000
00001100 00000000
00001101 00000000
00001110 00000000
00001110 00000000
00001111 00000000
00010000 00000000
00010000 00000000
00010001 00000000
00010010 00000000
00010010 00000000
00010011 00000000
00010011 00000000
00010100 00000000
00010101 00000000
00010101 00000000
00010110 00000000
00010110 00000000
00010111 00000000
00011000 00000000
00011000 00000000
00011001 00000000
00011010 00000000
00011010 00000000
00011011 00000000
00011100 00000000
00011100 00000000
00011101 00000000
00011101 00000000
00011110 00000000
00011111 00000000
00011111 00000000
00100000 00000000
00100000 00000000
00100001 00000000
00100010 00000000
00100010 00000000
00100011 00000000
00100100 00000000
00100100 00000000
00100101 00000000
00100110 00000000
00100110 00000000
00100111 00000000
00100111 00000000
00101000 00000000
00101001 00000000
00101001 00000000
00101010 00000000
00101010 00000000
00101011 00000000
00101100 00000000
00101100 00000000
00101101 00000000
00101110 00000000
00101110 00000000
00101111 00000000
00110000 00000000
00110000 00000000
00110001 00000000
00110001 00000000
00110010 00000000
00110011 00000000
00110011 00000000
00110100 00000000
00110100 00000000
00110101 00000000
00110110 00000000
00110110 00000000
00110111 00000000
00111000 00000000
00111000 00000000
00111001 00000000
00111010 00000000
00111010 00000000
00111011 00000000
00111011 00000000
00111100 00000000
00111101 00000000
00111101 00000000
00111110 00000000
00111110 00000000
00111111 00000000
01000000 00000000
01000000 00000000
01000001 00000000
01000010 00000000
01000010 00000000
01000011 00000000
01000100 00000000
01000100 00000000
01000101 00000000
01000101 00000000
01000110 00000000
01000111 00000000
01000111 00000000
01001000 00000000
01001000 00000000
01001001 00000000
01001010 00000000
01001010 00000000
01001011 00000000
01001100 00000000
01001100 00000000
01001101 00000000
01001110 00000000
01001110 00000001
01001111 00000001
01001111 00000001
01010000 00000001
01010001 00000001
01010001 00000001
01010010 00000001
01010010 00000001
01010011 00000001
01010100 00000001
01010100 00000001
01010101 00000001
01010110 00000001
01010110 00000001
01010111 00000001
01011000 00000010
01011000 00000010
01011001 00000010
01011001 00000010
01011010 00000010
01011011 00000010
01011011 00000011
01011100 00000011
01011100 00000011
01011101 00000011
01011110 00000011
01011110 00000100
01011111 00000100
01100000 00000100
01100000 00000101
01100001 00000101
01100010 00000110
01100010 00000110
01100011 00000110
01100011 00000111
01100100 00001000
01100101 00001000
01100101 00001001
01100110 00001001
01100110 00001010
01100111 00001011
01101000 00001100
01101000 00001101
01101001 00001110
01101010 00001111
01101010 00010000
01101011 00010001
01101100 00010010
01101100 00010100
01101101 00010101
01101101 00010111
01101110 00011000
01101111 00011010
01101111 00011100
01110000 00011110
01110000 00100000
01110001 00100011
01110010 00100101
01110010 00100111
01110011 00101010
01110100 00101101
01110100 00110000
01110101 00110011
01110110 00110110
01110110 00111010
01110111 00111101
01110111 01000001
01111000 01000101
01111001 01001001
01111001 01001101
01111010 01010001
01111010 01010110
01111011 01011010
01111100 01011111
01111100 01100011
01111101 01101000
01111110 01101101
01111110 01110010
01111111 01110111
10000000 01111100
10000000 10000001
10000001 10000110
10000001 10001011
10000010 10010000
10000011 10010101
10000011 10011010
10000100 10011110
10000100 10100011
10000101 10101000
10000110 10101100
10000110 10110000
10000111 10110101
10001000 10111001
10001000 10111101
10001001 11000001
10001010 11000100
10001010 11001000
10001011 11001011
10001011 11001110
10001100 11010001
10001101 11010100
10001101 11010111
10001110 11011010
10001110 11011100
10001111 11011110
10010000 11100001
10010000 11100011
10010001 11100101
10010010 11100111
10010010 11101000
10010011 11101010
10010100 11101011
10010100 11101101
10010101 11101110
10010101 11101111
10010110 11110001
10010111 11110010
10010111 11110011
10011000 11110100
10011000 11110101
10011001 11110101
10011010 11110110
10011010 11110111
10011011 11111000
10011100 11111000
10011100 11111001
10011101 11111001
10011110 11111010
10011110 11111010
10011111 11111011
10011111 11111011
10100000 11111011
