00000000 00000000 00000101 00000001 00000001 00000001 01101110
00000001 00000001 00000101 00000001 00000001 00000001 01101110
00000010 00000010 00000101 00000001 00000001 00000001 01101110
00000011 00000011 00000101 00000001 00000001 00000001 01101110
00000100 00000100 00000101 00000001 00000001 00000001 01101110
00000101 00000101 00000101 00000001 00000001 00000001 01101110
00000110 00000110 00000101 00000001 00000001 00000001 01101110
00000111 00000111 00000101 00000001 00000001 00000001 01101110
00001000 00001000 00000101 00000001 00000001 00000001 01101110
00001001 00001001 00000101 00000001 00000001 00000001 01101110
00001010 00001010 00000101 00000001 00000001 00000001 01101110
00001011 00001011 00000101 00000001 00000001 00000001 01101110
00001100 00001100 00000101 00000001 00000001 00000001 01101110
00001101 00001101 00000101 00000001 00000001 00000001 01101110
