0.0 3.60112518576304e-06 00000000 00000000
0.125 4.0806093724040034e-06 00000001 00000000
0.25 4.623936119399948e-06 00000010 00000000
0.375 5.239605959969504e-06 00000011 00000000
0.5 5.93725125877866e-06 00000100 00000000
0.625 6.727786913149214e-06 00000101 00000000
0.75 7.623581119786976e-06 00000110 00000000
0.875 8.638648878690565e-06 00000111 00000000
1.0 9.788871261619991e-06 00001000 00000000
1.125 1.1092243875583383e-05 00001001 00000000
1.25 1.2569158408545414e-05 00001010 00000000
1.375 1.424272166211681e-05 00001011 00000000
1.5 1.6139117062446453e-05 00001100 00000000
1.625 1.8288014305079184e-05 00001101 00000000
1.75 2.0723033542557656e-05 00001110 00000000
1.875 2.348227137681306e-05 00001111 00000000
2.0 2.6608896885252227e-05 00010000 00000000
2.125 3.015182700502836e-05 00010001 00000000
2.25 3.41664918414127e-05 00010010 00000000
2.375 3.871570187287738e-05 00010011 00000000
2.5 4.387063061945103e-05 00010100 00000000
2.625 4.9711928147040384e-05 00010101 00000000
2.75 5.633098282695954e-05 00010110 00000000
2.875 6.383135108886582e-05 00010111 00000000
3.0 7.233037753291439e-05 00011000 00000000
3.125 8.196103074427754e-05 00011001 00000000
3.25 9.28739835267551e-05 00011010 00000000
3.375 0.00010523997009473593 00011011 00000000
3.5 0.00011925245709396995 00011100 00000000
3.625 0.00013513067022911753 00011101 00000000
3.75 0.0001531230238364838 00011110 00000000
3.875 0.0001735110070405177 00011111 00000000
4.0 0.00019661358727087098 00100000 00000000
4.125 0.0002227922000044278 00100001 00000000
4.25 0.00025245640275984107 00100010 00000000
4.375 0.00028607028175357336 00100011 00000000
4.5 0.0003241597113879655 00100100 00000000
4.625 0.00036732058006657125 00100101 00000000
4.75 0.00041622811092723304 00100110 00000000
4.875 0.0004716474231838378 00100111 00000000
5.0 0.0005344454991390458 00101000 00000000
5.125 0.000605604743873195 00101001 00000000
5.25 0.0006862383494692464 00101010 00000000
5.375 0.0007776077037849472 00101011 00000000
5.5 0.0008811421156666711 00101100 00000000
5.625 0.0009984611646069283 00101101 00000000
5.75 0.001131400023735818 00101110 00000000
5.875 0.0012820381513346318 00101111 00000000
6.0 0.0014527317984779006 00110000 00000000
6.125 0.0016461508397506873 00110001 00000000
6.25 0.0018653205011564368 00110010 00000000
6.375 0.0021136686353487332 00110011 00000000
6.5 0.0023950792803395593 00110100 00000000
6.625 0.002713953335154584 00110101 00000000
6.75 0.0030752772959831668 00110110 00000000
6.875 0.0034847011208497423 00110111 00000000
7.0 0.003948626431559415 00111000 00000000
7.125 0.004474306420714532 00111001 00000000
7.25 0.005069959011280829 00111010 00000000
7.375 0.005744895019096876 00111011 00000000
7.5 0.006509663297766609 00111100 00000000
7.625 0.0073762151037804705 00111101 00000000
7.75 0.008358090211063022 00111110 00000000
7.875 0.009470627632418464 00111111 00000000
8.0 0.0107312041749273 01000000 00000000
8.125 0.012159504472059664 01000001 00000000
8.25 0.013777826602387676 01000010 00000000
8.375 0.01561142792903251 01000011 00000000
8.5 0.017688916381555186 01000100 00000000
8.625 0.020042693059501446 01000101 00000000
8.75 0.02270945277121882 01000110 00000000
8.875 0.025730749940135533 01000111 00000000
9.0 0.029153638220820653 01001000 00000000
9.125 0.03303139317615422 01001001 00000000
9.25 0.03742432848177647 01001010 00000000
9.375 0.04240071735082115 01001011 00000000
9.5 0.048037832215583734 01001100 00000000
9.625 0.054423117165929215 01001101 00000000
9.75 0.06165550922647922 01001110 00000000
9.875 0.06984692625104579 01001111 00000001
10.0 0.07912394101231278 01010000 00000001
10.125 0.08962966294787116 01010001 00000001
10.25 0.10152585095952606 01010010 00000001
10.375 0.11499528260544288 01010011 00000001
10.5 0.13024440690867609 01010100 00000001
10.625 0.14750630973997467 01010101 00000001
10.75 0.1670440221938687 01010110 00000001
10.875 0.18915420339980146 01010111 00000010
11.0 0.21417122957711537 01011000 00000010
11.125 0.24247172057154595 01011001 00000010
11.25 0.2744795332387835 01011010 00000010
11.375 0.3106712474071701 01011011 00000010
11.5 0.35158216417898175 01011100 00000011
11.625 0.3978128273019462 01011101 00000011
11.75 0.4500360653838552 01011110 00000100
11.875 0.5090045347780708 01011111 00000100
12.0 0.5755587187869299 01100000 00000101
12.125 0.6506353069650801 01100001 00000101
12.25 0.7352758371208197 01100010 00000110
12.375 0.8306354303294992 01100011 00000111
12.5 0.9379913840434022 01100100 00001000
12.625 1.058751308438532 01100101 00001000
12.75 1.1944603950121426 01100110 00001010
12.875 1.3468072932998028 01100111 00001011
13.0 1.517627941682137 01101000 00001100
13.125 1.7089065535943753 01101001 00001110
13.25 1.922772805568244 01101010 00001111
13.375 2.1614941164681314 01101011 00010001
13.5 2.4274617606797935 01101100 00010011
13.625 2.723169440224648 01101101 00010110
13.75 3.0511828767715037 01101110 00011000
13.875 3.414099006260838 01101111 00011011
14.0 3.8144935047077615 01110000 00011111
14.125 4.2548556863305365 01110001 00100010
14.25 4.737510337014063 01110010 00100110
14.375 5.264526812690021 01110011 00101010
14.5 5.837616761803403 01110100 00101111
14.625 6.458023112332123 01110101 00110100
14.75 7.126404442409883 01110110 00111001
14.875 7.842720420235895 01110111 00111111
15.0 8.606125483839843 01111000 01000101
15.125 9.41487910921564 01111001 01001011
15.25 10.266281626387425 01111010 01010010
15.375 11.156644330686264 01111011 01011001
15.5 12.081301401540653 01111100 01100001
15.625 13.034668801469769 01111101 01101000
15.75 14.010351971654462 01111110 01110000
15.875 15.0013000520398 01111111 01111000
16.0 16.0 10000000 10000000
16.125 16.9986999479602 10000001 10001000
16.25 17.989648028345538 10000010 10010000
16.375 18.96533119853023 10000011 10011000
16.5 19.918698598459347 10000100 10011111
16.625 20.843355669313734 10000101 10100111
16.75 21.733718373612575 10000110 10101110
16.875 22.58512089078436 10000111 10110101
17.0 23.393874516160157 10001000 10111011
17.125 24.157279579764104 10001001 11000001
17.25 24.873595557590114 10001010 11000111
17.375 25.54197688766788 10001011 11001100
17.5 26.162383238196597 10001100 11010001
17.625 26.73547318730998 10001101 11010110
17.75 27.26248966298594 10001110 11011010
17.875 27.74514431366946 10001111 11011110
18.0 28.185506495292234 10010000 11100001
18.125 28.58590099373916 10010001 11100101
18.25 28.948817123228498 10010010 11101000
18.375 29.27683055977535 10010011 11101010
18.5 29.57253823932021 10010100 11101101
18.625 29.83850588353187 10010101 11101111
18.75 30.077227194431757 10010110 11110001
18.875 30.291093446405622 10010111 11110010
19.0 30.482372058317868 10011000 11110100
19.125 30.653192706700196 10011001 11110101
19.25 30.80553960498786 10011010 11110110
19.375 30.941248691561466 10011011 11111000
19.5 31.062008615956596 10011100 11111000
19.625 31.1693645696705 10011101 11111001
19.75 31.26472416287918 10011110 11111010
19.875 31.349364693034918 10011111 11111011
20.0 31.42444128121307 10100000 11111011
20.125 31.49099546522193 10100001 11111100
20.25 31.54996393461614 10100010 11111100
20.375 31.602187172698052 10100011 11111101
20.5 31.648417835821018 10100100 11111101
20.625 31.68932875259283 10100101 11111110
20.75 31.725520466761218 10100110 11111110
20.875 31.757528279428456 10100111 11111110
21.0 31.78582877042289 10101000 11111110
21.125 31.810845796600198 10101001 11111110
21.25 31.832955977806133 10101010 11111111
21.375 31.85249369026003 10101011 11111111
21.5 31.869755593091327 10101100 11111111
21.625 31.885004717394555 10101101 11111111
21.75 31.898474149040474 10101110 11111111
21.875 31.910370337052125 10101111 11111111
22.0 31.92087605898769 10110000 11111111
22.125 31.93015307374895 10110001 11111111
22.25 31.93834449077352 10110010 11111111
22.375 31.945576882834075 10110011 11111111
22.5 31.951962167784416 10110100 11111111
22.625 31.957599282649177 10110101 11111111
22.75 31.962575671518223 10110110 11111111
22.875 31.966968606823848 10110111 11111111
23.0 31.97084636177918 10111000 11111111
23.125 31.974269250059866 10111001 11111111
23.25 31.977290547228783 10111010 11111111
23.375 31.979957306940495 10111011 11111111
23.5 31.982311083618445 10111100 11111111
23.625 31.98438857207097 10111101 11111111
23.75 31.986222173397614 10111110 11111111
23.875 31.987840495527937 10111111 11111111
24.0 31.989268795825076 11000000 11111111
24.125 31.990529372367583 11000001 11111111
24.25 31.99164190978894 11000010 11111111
24.375 31.992623784896217 11000011 11111111
24.5 31.993490336702234 11000100 11111111
24.625 31.994255104980905 11000101 11111111
24.75 31.99493004098872 11000110 11111111
24.875 31.99552569357929 11000111 11111111
25.0 31.996051373568438 11001000 11111111
25.125 31.99651529887915 11001001 11111111
25.25 31.996924722704016 11001010 11111111
25.375 31.997286046664847 11001011 11111111
25.5 31.997604920719663 11001100 11111111
25.625 31.997886331364654 11001101 11111111
25.75 31.998134679498843 11001110 11111111
25.875 31.998353849160253 11001111 11111111
26.0 31.998547268201524 11010000 11111111
26.125 31.99871796184867 11010001 11111111
26.25 31.998868599976262 11010010 11111111
26.375 31.999001538835394 11010011 11111111
26.5 31.99911885788433 11010100 11111111
26.625 31.99922239229622 11010101 11111111
26.75 31.999313761650534 11010110 11111111
26.875 31.99939439525613 11010111 11111111
27.0 31.999465554500865 11011000 11111111
27.125 31.999528352576814 11011001 11111111
27.25 31.99958377188907 11011010 11111111
27.375 31.999632679419935 11011011 11111111
27.5 31.999675840288614 11011100 11111111
27.625 31.999713929718244 11011101 11111111
27.75 31.99974754359724 11011110 11111111
27.875 31.999777207799998 11011111 11111111
28.0 31.99980338641273 11100000 11111111
28.125 31.999826488992962 11100001 11111111
28.25 31.999846876976164 11100010 11111111
28.375 31.99986486932977 11100011 11111111
28.5 31.999880747542907 11100100 11111111
28.625 31.999894760029907 11100101 11111111
28.75 31.999907126016474 11100110 11111111
28.875 31.99991803896926 11100111 11111111
29.0 31.999927669622465 11101000 11111111
29.125 31.99993616864891 11101001 11111111
29.25 31.999943669017178 11101010 11111111
29.375 31.99995028807185 11101011 11111111
29.5 31.999956129369377 11101100 11111111
29.625 31.999961284298127 11101101 11111111
29.75 31.999965833508156 11101110 11111111
29.875 31.999969848173 11101111 11111111
30.0 31.99997339110311 11110000 11111111
30.125 31.99997651772862 11110001 11111111
30.25 31.999979276966453 11110010 11111111
30.375 31.999981711985697 11110011 11111111
30.5 31.99998386088294 11110100 11111111
30.625 31.99998575727834 11110101 11111111
30.75 31.999987430841593 11110110 11111111
30.875 31.999988907756126 11110111 11111111
31.0 31.999990211128736 11111000 11111111
31.125 31.99999136135112 11111001 11111111
31.25 31.999992376418877 11111010 11111111
31.375 31.99999327221309 11111011 11111111
31.5 31.99999406274874 11111100 11111111
31.625 31.999994760394035 11111101 11111111
31.75 31.99999537606388 11111110 11111111
31.875 31.999995919390628 11111111 11111111
32.0 31.999996398874814 11111111 11111111
