0.0 3.60112518576304e-06 00000000 00000000
0.625 6.727786913149214e-06 00000101 00000000
1.25 1.2569158408545414e-05 00001010 00000000
1.875 2.348227137681306e-05 00001111 00000000
2.5 4.387063061945103e-05 00010100 00000000
3.125 8.196103074427754e-05 00011001 00000000
3.75 0.0001531230238364838 00011110 00000000
4.375 0.00028607028175357336 00100011 00000000
5.0 0.0005344454991390458 00101000 00000000
5.625 0.0009984611646069283 00101101 00000000
6.25 0.0018653205011564368 00110010 00000000
6.875 0.0034847011208497423 00110111 00000000
7.5 0.006509663297766609 00111100 00000000
8.125 0.012159504472059664 01000001 00000000
8.75 0.02270945277121882 01000110 00000000
9.375 0.04240071735082115 01001011 00000000
10.0 0.07912394101231278 01010000 00000001
10.625 0.14750630973997467 01010101 00000001
11.25 0.2744795332387835 01011010 00000010
11.875 0.5090045347780708 01011111 00000100
12.5 0.9379913840434022 01100100 00001000
13.125 1.7089065535943753 01101001 00001110
13.75 3.0511828767715037 01101110 00011000
14.375 5.264526812690021 01110011 00101010
15.0 8.606125483839843 01111000 01000101
15.625 13.034668801469769 01111101 01101000
16.25 17.989648028345538 10000010 10010000
16.875 22.58512089078436 10000111 10110101
17.5 26.162383238196597 10001100 11010001
18.125 28.58590099373916 10010001 11100101
18.75 30.077227194431757 10010110 11110001
19.375 30.941248691561466 10011011 11111000
20.0 31.42444128121307 10100000 11111011
20.625 31.68932875259283 10100101 11111110
21.25 31.832955977806133 10101010 11111111
21.875 31.910370337052125 10101111 11111111
22.5 31.951962167784416 10110100 11111111
23.125 31.974269250059866 10111001 11111111
23.75 31.986222173397614 10111110 11111111
24.375 31.992623784896217 11000011 11111111
25.0 31.996051373568438 11001000 11111111
25.625 31.997886331364654 11001101 11111111
26.25 31.998868599976262 11010010 11111111
26.875 31.99939439525613 11010111 11111111
27.5 31.999675840288614 11011100 11111111
28.125 31.999826488992962 11100001 11111111
28.75 31.999907126016474 11100110 11111111
29.375 31.99995028807185 11101011 11111111
30.0 31.99997339110311 11110000 11111111
30.625 31.99998575727834 11110101 11111111
31.25 31.999992376418877 11111010 11111111
31.875 31.999995919390628 11111111 11111111
32.5 31.99999781580707 100000100 11111111
33.125 31.999998830885737 100001001 11111111
33.75 31.999999374218216 100001110 11111111
34.375 31.999999665043145 100010011 11111111
35.0 31.999999820710514 100011000 11111111
35.625 31.999999904033253 100011101 11111111
36.25 31.999999948632706 100100010 11111111
36.875 31.999999972505066 100100111 11111111
37.5 31.999999985283026 100101100 11111111
38.125 31.999999992122568 100110001 11111111
38.75 31.99999999578352 100110110 11111111
39.375 31.999999997743082 100111011 11111111
40.0 31.999999998791957 101000000 11111111
40.625 31.999999999353378 101000101 11111111
41.25 31.999999999653888 101001010 11111111
41.875 31.99999999981474 101001111 11111111
42.5 31.999999999900837 101010100 11111111
43.125 31.999999999946922 101011001 11111111
43.75 31.999999999971593 101011110 11111111
44.375 31.999999999984794 101100011 11111111
45.0 31.999999999991857 101101000 11111111
45.625 31.999999999995644 101101101 11111111
46.25 31.99999999999767 101110010 11111111
46.875 31.99999999999875 101110111 11111111
47.5 31.999999999999332 101111100 11111111
48.125 31.999999999999645 110000001 11111111
48.75 31.999999999999808 110000110 11111111
49.375 31.9999999999999 110001011 11111111
50.0 31.999999999999943 110010000 11111111
50.625 31.99999999999997 110010101 11111111
51.25 31.999999999999986 110011010 11111111
51.875 31.999999999999993 110011111 11111111
52.5 31.999999999999993 110100100 11111111
53.125 32.0 110101001 11111111
53.75 32.0 110101110 11111111
54.375 32.0 110110011 11111111
55.0 32.0 110111000 11111111
55.625 32.0 110111101 11111111
56.25 32.0 111000010 11111111
56.875 32.0 111000111 11111111
57.5 32.0 111001100 11111111
58.125 32.0 111010001 11111111
58.75 32.0 111010110 11111111
59.375 32.0 111011011 11111111
60.0 32.0 111100000 11111111
60.625 32.0 111100101 11111111
61.25 32.0 111101010 11111111
61.875 32.0 111101111 11111111
62.5 32.0 111110100 11111111
63.125 32.0 111111001 11111111
63.75 32.0 111111110 11111111
64.375 32.0 1000000011 11111111
65.0 32.0 1000001000 11111111
65.625 32.0 1000001101 11111111
66.25 32.0 1000010010 11111111
66.875 32.0 1000010111 11111111
67.5 32.0 1000011100 11111111
68.125 32.0 1000100001 11111111
68.75 32.0 1000100110 11111111
69.375 32.0 1000101011 11111111
70.0 32.0 1000110000 11111111
70.625 32.0 1000110101 11111111
71.25 32.0 1000111010 11111111
71.875 32.0 1000111111 11111111
72.5 32.0 1001000100 11111111
73.125 32.0 1001001001 11111111
73.75 32.0 1001001110 11111111
74.375 32.0 1001010011 11111111
75.0 32.0 1001011000 11111111
75.625 32.0 1001011101 11111111
76.25 32.0 1001100010 11111111
76.875 32.0 1001100111 11111111
77.5 32.0 1001101100 11111111
78.125 32.0 1001110001 11111111
78.75 32.0 1001110110 11111111
79.375 32.0 1001111011 11111111
80.0 32.0 1010000000 11111111
80.625 32.0 1010000101 11111111
81.25 32.0 1010001010 11111111
81.875 32.0 1010001111 11111111
82.5 32.0 1010010100 11111111
83.125 32.0 1010011001 11111111
83.75 32.0 1010011110 11111111
84.375 32.0 1010100011 11111111
85.0 32.0 1010101000 11111111
85.625 32.0 1010101101 11111111
86.25 32.0 1010110010 11111111
86.875 32.0 1010110111 11111111
87.5 32.0 1010111100 11111111
88.125 32.0 1011000001 11111111
88.75 32.0 1011000110 11111111
89.375 32.0 1011001011 11111111
90.0 32.0 1011010000 11111111
90.625 32.0 1011010101 11111111
91.25 32.0 1011011010 11111111
91.875 32.0 1011011111 11111111
92.5 32.0 1011100100 11111111
93.125 32.0 1011101001 11111111
93.75 32.0 1011101110 11111111
94.375 32.0 1011110011 11111111
95.0 32.0 1011111000 11111111
95.625 32.0 1011111101 11111111
96.25 32.0 1100000010 11111111
96.875 32.0 1100000111 11111111
97.5 32.0 1100001100 11111111
98.125 32.0 1100010001 11111111
98.75 32.0 1100010110 11111111
99.375 32.0 1100011011 11111111
100.0 32.0 1100100000 11111111
100.625 32.0 1100100101 11111111
101.25 32.0 1100101010 11111111
101.875 32.0 1100101111 11111111
102.5 32.0 1100110100 11111111
103.125 32.0 1100111001 11111111
103.75 32.0 1100111110 11111111
104.375 32.0 1101000011 11111111
105.0 32.0 1101001000 11111111
105.625 32.0 1101001101 11111111
106.25 32.0 1101010010 11111111
106.875 32.0 1101010111 11111111
107.5 32.0 1101011100 11111111
108.125 32.0 1101100001 11111111
108.75 32.0 1101100110 11111111
109.375 32.0 1101101011 11111111
110.0 32.0 1101110000 11111111
110.625 32.0 1101110101 11111111
111.25 32.0 1101111010 11111111
111.875 32.0 1101111111 11111111
112.5 32.0 1110000100 11111111
113.125 32.0 1110001001 11111111
113.75 32.0 1110001110 11111111
114.375 32.0 1110010011 11111111
115.0 32.0 1110011000 11111111
115.625 32.0 1110011101 11111111
116.25 32.0 1110100010 11111111
116.875 32.0 1110100111 11111111
117.5 32.0 1110101100 11111111
118.125 32.0 1110110001 11111111
118.75 32.0 1110110110 11111111
119.375 32.0 1110111011 11111111
120.0 32.0 1111000000 11111111
120.625 32.0 1111000101 11111111
121.25 32.0 1111001010 11111111
121.875 32.0 1111001111 11111111
122.5 32.0 1111010100 11111111
123.125 32.0 1111011001 11111111
123.75 32.0 1111011110 11111111
124.375 32.0 1111100011 11111111
125.0 32.0 1111101000 11111111
125.625 32.0 1111101101 11111111
126.25 32.0 1111110010 11111111
126.875 32.0 1111110111 11111111
127.5 32.0 1111111100 11111111
128.125 32.0 10000000001 11111111
128.75 32.0 10000000110 11111111
129.375 32.0 10000001011 11111111
130.0 32.0 10000010000 11111111
130.625 32.0 10000010101 11111111
131.25 32.0 10000011010 11111111
131.875 32.0 10000011111 11111111
132.5 32.0 10000100100 11111111
133.125 32.0 10000101001 11111111
133.75 32.0 10000101110 11111111
134.375 32.0 10000110011 11111111
135.0 32.0 10000111000 11111111
135.625 32.0 10000111101 11111111
136.25 32.0 10001000010 11111111
136.875 32.0 10001000111 11111111
137.5 32.0 10001001100 11111111
138.125 32.0 10001010001 11111111
138.75 32.0 10001010110 11111111
139.375 32.0 10001011011 11111111
140.0 32.0 10001100000 11111111
140.625 32.0 10001100101 11111111
141.25 32.0 10001101010 11111111
141.875 32.0 10001101111 11111111
142.5 32.0 10001110100 11111111
143.125 32.0 10001111001 11111111
143.75 32.0 10001111110 11111111
144.375 32.0 10010000011 11111111
145.0 32.0 10010001000 11111111
145.625 32.0 10010001101 11111111
146.25 32.0 10010010010 11111111
146.875 32.0 10010010111 11111111
147.5 32.0 10010011100 11111111
148.125 32.0 10010100001 11111111
148.75 32.0 10010100110 11111111
149.375 32.0 10010101011 11111111
150.0 32.0 10010110000 11111111
150.625 32.0 10010110101 11111111
151.25 32.0 10010111010 11111111
151.875 32.0 10010111111 11111111
152.5 32.0 10011000100 11111111
153.125 32.0 10011001001 11111111
153.75 32.0 10011001110 11111111
154.375 32.0 10011010011 11111111
155.0 32.0 10011011000 11111111
155.625 32.0 10011011101 11111111
156.25 32.0 10011100010 11111111
156.875 32.0 10011100111 11111111
157.5 32.0 10011101100 11111111
158.125 32.0 10011110001 11111111
158.75 32.0 10011110110 11111111
159.375 32.0 10011111011 11111111
160.0 32.0 10100000000 11111111
