00000000 00000000
00000101 00000000
00001010 00000000
00001111 00000000
00010100 00000000
00011001 00000000
00011110 00000000
00100011 00000000
00101000 00000000
00101101 00000000
00110010 00000000
00110111 00000000
00111100 00000000
01000001 00000000
01000110 00000000
01001011 00000000
01010000 00000001
01010101 00000001
01011010 00000010
01011111 00000100
01100100 00001000
01101001 00001110
01101110 00011000
01110011 00101010
01111000 01000101
01111101 01101000
10000010 10010000
10000111 10110101
10001100 11010001
10010001 11100101
10010110 11110001
10011011 11111000
10100000 11111011
10100101 11111110
10101010 11111111
10101111 11111111
10110100 11111111
10111001 11111111
10111110 11111111
11000011 11111111
11001000 11111111
11001101 11111111
11010010 11111111
11010111 11111111
11011100 11111111
11100001 11111111
11100110 11111111
11101011 11111111
11110000 11111111
11110101 11111111
11111010 11111111
11111111 11111111
100000100 11111111
100001001 11111111
100001110 11111111
100010011 11111111
100011000 11111111
100011101 11111111
100100010 11111111
100100111 11111111
100101100 11111111
100110001 11111111
100110110 11111111
100111011 11111111
101000000 11111111
101000101 11111111
101001010 11111111
101001111 11111111
101010100 11111111
101011001 11111111
101011110 11111111
101100011 11111111
101101000 11111111
101101101 11111111
101110010 11111111
101110111 11111111
101111100 11111111
110000001 11111111
110000110 11111111
110001011 11111111
110010000 11111111
110010101 11111111
110011010 11111111
110011111 11111111
110100100 11111111
110101001 11111111
110101110 11111111
110110011 11111111
110111000 11111111
110111101 11111111
111000010 11111111
111000111 11111111
111001100 11111111
111010001 11111111
111010110 11111111
111011011 11111111
111100000 11111111
111100101 11111111
111101010 11111111
111101111 11111111
111110100 11111111
111111001 11111111
111111110 11111111
1000000011 11111111
1000001000 11111111
1000001101 11111111
1000010010 11111111
1000010111 11111111
1000011100 11111111
1000100001 11111111
1000100110 11111111
1000101011 11111111
1000110000 11111111
1000110101 11111111
1000111010 11111111
1000111111 11111111
1001000100 11111111
1001001001 11111111
1001001110 11111111
1001010011 11111111
1001011000 11111111
1001011101 11111111
1001100010 11111111
1001100111 11111111
1001101100 11111111
1001110001 11111111
1001110110 11111111
1001111011 11111111
1010000000 11111111
1010000101 11111111
1010001010 11111111
1010001111 11111111
1010010100 11111111
1010011001 11111111
1010011110 11111111
1010100011 11111111
1010101000 11111111
1010101101 11111111
1010110010 11111111
1010110111 11111111
1010111100 11111111
1011000001 11111111
1011000110 11111111
1011001011 11111111
1011010000 11111111
1011010101 11111111
1011011010 11111111
1011011111 11111111
1011100100 11111111
1011101001 11111111
1011101110 11111111
1011110011 11111111
1011111000 11111111
1011111101 11111111
1100000010 11111111
1100000111 11111111
1100001100 11111111
1100010001 11111111
1100010110 11111111
1100011011 11111111
1100100000 11111111
1100100101 11111111
1100101010 11111111
1100101111 11111111
1100110100 11111111
1100111001 11111111
1100111110 11111111
1101000011 11111111
1101001000 11111111
1101001101 11111111
1101010010 11111111
1101010111 11111111
1101011100 11111111
1101100001 11111111
1101100110 11111111
1101101011 11111111
1101110000 11111111
1101110101 11111111
1101111010 11111111
1101111111 11111111
1110000100 11111111
1110001001 11111111
1110001110 11111111
1110010011 11111111
1110011000 11111111
1110011101 11111111
1110100010 11111111
1110100111 11111111
1110101100 11111111
1110110001 11111111
1110110110 11111111
1110111011 11111111
1111000000 11111111
1111000101 11111111
1111001010 11111111
1111001111 11111111
1111010100 11111111
1111011001 11111111
1111011110 11111111
1111100011 11111111
1111101000 11111111
1111101101 11111111
1111110010 11111111
1111110111 11111111
1111111100 11111111
10000000001 11111111
10000000110 11111111
10000001011 11111111
10000010000 11111111
10000010101 11111111
10000011010 11111111
10000011111 11111111
10000100100 11111111
10000101001 11111111
10000101110 11111111
10000110011 11111111
10000111000 11111111
10000111101 11111111
10001000010 11111111
10001000111 11111111
10001001100 11111111
10001010001 11111111
10001010110 11111111
10001011011 11111111
10001100000 11111111
10001100101 11111111
10001101010 11111111
10001101111 11111111
10001110100 11111111
10001111001 11111111
10001111110 11111111
10010000011 11111111
10010001000 11111111
10010001101 11111111
10010010010 11111111
10010010111 11111111
10010011100 11111111
10010100001 11111111
10010100110 11111111
10010101011 11111111
10010110000 11111111
10010110101 11111111
10010111010 11111111
10010111111 11111111
10011000100 11111111
10011001001 11111111
10011001110 11111111
10011010011 11111111
10011011000 11111111
10011011101 11111111
10011100010 11111111
10011100111 11111111
10011101100 11111111
10011110001 11111111
10011110110 11111111
10011111011 11111111
10100000000 11111111
