00000000 00000000
00000010 00000000
00000101 00000000
00001000 00000000
00001010 00000000
00001100 00000000
00001111 00000000
00010010 00000000
00010100 00000000
00010110 00000000
00011001 00000000
00011100 00000000
00011110 00000000
00100000 00000000
00100011 00000000
00100110 00000000
00101000 00000000
00101010 00000000
00101101 00000000
00110000 00000000
00110010 00000000
00110100 00000000
00110111 00000000
00111010 00000000
00111100 00000000
00111110 00000000
01000001 00000000
01000100 00000000
01000110 00000000
01001000 00000000
01001011 00000000
01001110 00000000
01010000 00000001
01010010 00000001
01010101 00000001
01011000 00000010
01011010 00000010
01011100 00000011
01011111 00000100
01100010 00000110
01100100 00001000
01100110 00001010
01101001 00001110
01101100 00010010
01101110 00011000
01110000 00100000
01110011 00101010
01110110 00110110
01111000 01000101
01111010 01010110
01111101 01101000
10000000 01111100
10000010 10010000
10000100 10100011
10000111 10110101
10001010 11000100
10001100 11010001
10001110 11011100
10010001 11100101
10010100 11101011
10010110 11110001
10011000 11110101
10011011 11111000
10011110 11111010
10100000 11111011
10100010 11111101
10100101 11111110
10101000 11111110
10101010 11111111
10101100 11111111
10101111 11111111
10110010 11111111
10110100 11111111
10110110 11111111
10111001 11111111
10111100 11111111
10111110 11111111
11000000 11111111
11000011 11111111
11000110 11111111
11001000 11111111
11001010 11111111
11001101 11111111
11010000 11111111
11010010 11111111
11010100 11111111
11010111 11111111
11011010 11111111
11011100 11111111
11011110 11111111
11100001 11111111
11100100 11111111
11100110 11111111
11101000 11111111
11101011 11111111
11101110 11111111
11110000 11111111
11110010 11111111
11110101 11111111
11111000 11111111
11111010 11111111
11111100 11111111
11111111 11111111
100000010 11111111
100000100 11111111
100000110 11111111
100001001 11111111
100001100 11111111
100001110 11111111
100010000 11111111
100010011 11111111
100010110 11111111
100011000 11111111
100011010 11111111
100011101 11111111
100100000 11111111
100100010 11111111
100100100 11111111
100100111 11111111
100101010 11111111
100101100 11111111
100101110 11111111
100110001 11111111
100110100 11111111
100110110 11111111
100111000 11111111
100111011 11111111
100111110 11111111
101000000 11111111
101000010 11111111
101000101 11111111
101001000 11111111
101001010 11111111
101001100 11111111
101001111 11111111
101010010 11111111
101010100 11111111
101010110 11111111
101011001 11111111
101011100 11111111
101011110 11111111
101100000 11111111
101100011 11111111
101100110 11111111
101101000 11111111
101101010 11111111
101101101 11111111
101110000 11111111
101110010 11111111
101110100 11111111
101110111 11111111
101111010 11111111
101111100 11111111
101111110 11111111
110000001 11111111
110000100 11111111
110000110 11111111
110001000 11111111
110001011 11111111
110001110 11111111
110010000 11111111
110010010 11111111
110010101 11111111
110011000 11111111
110011010 11111111
110011100 11111111
110011111 11111111
110100010 11111111
110100100 11111111
110100110 11111111
110101001 11111111
110101100 11111111
110101110 11111111
110110000 11111111
110110011 11111111
110110110 11111111
110111000 11111111
110111010 11111111
110111101 11111111
111000000 11111111
111000010 11111111
111000100 11111111
111000111 11111111
111001010 11111111
111001100 11111111
111001110 11111111
111010001 11111111
111010100 11111111
111010110 11111111
111011000 11111111
111011011 11111111
111011110 11111111
111100000 11111111
111100010 11111111
111100101 11111111
111101000 11111111
111101010 11111111
111101100 11111111
111101111 11111111
111110010 11111111
111110100 11111111
111110110 11111111
111111001 11111111
111111100 11111111
111111110 11111111
1000000000 11111111
1000000011 11111111
1000000110 11111111
1000001000 11111111
1000001010 11111111
1000001101 11111111
1000010000 11111111
1000010010 11111111
1000010100 11111111
1000010111 11111111
1000011010 11111111
1000011100 11111111
1000011110 11111111
1000100001 11111111
1000100100 11111111
1000100110 11111111
1000101000 11111111
1000101011 11111111
1000101110 11111111
1000110000 11111111
1000110010 11111111
1000110101 11111111
1000111000 11111111
1000111010 11111111
1000111100 11111111
1000111111 11111111
1001000010 11111111
1001000100 11111111
1001000110 11111111
1001001001 11111111
1001001100 11111111
1001001110 11111111
1001010000 11111111
1001010011 11111111
1001010110 11111111
1001011000 11111111
1001011010 11111111
1001011101 11111111
1001100000 11111111
1001100010 11111111
1001100100 11111111
1001100111 11111111
1001101010 11111111
1001101100 11111111
1001101110 11111111
1001110001 11111111
1001110100 11111111
1001110110 11111111
1001111000 11111111
1001111011 11111111
1001111110 11111111
1010000000 11111111
