0.0 3.60112518576304e-06 00000000 00000000
0.3125 4.922154331620261e-06 00000010 00000000
0.625 6.727786913149214e-06 00000101 00000000
0.9375 9.195793703797138e-06 00001000 00000000
1.25 1.2569158408545414e-05 00001010 00000000
1.5625 1.718000012597653e-05 00001100 00000000
1.875 2.348227137681306e-05 00001111 00000000
2.1875 3.2096450822615525e-05 00010010 00000000
2.5 4.387063061945103e-05 00010100 00000000
2.8125 5.996401227683831e-05 00010110 00000000
3.125 8.196103074427754e-05 00011001 00000000
3.4375 0.00011202734126084614 00011100 00000000
3.75 0.0001531230238364838 00011110 00000000
4.0625 0.00020929399126187636 00100000 00000000
4.375 0.00028607028175357336 00100011 00000000
4.6875 0.0003910104326557122 00100110 00000000
5.0 0.0005344454991390458 00101000 00000000
5.3125 0.0007304959101724149 00101010 00000000
5.625 0.0009984611646069283 00101101 00000000
5.9375 0.0013647189819385322 00110000 00000000
6.25 0.0018653205011564368 00110010 00000000
6.5625 0.002549536315553007 00110100 00000000
6.875 0.0034847011208497423 00110111 00000000
7.1875 0.004762831442332202 00111010 00000000
7.5 0.006509663297766609 00111100 00000000
7.8125 0.008896990844080497 00111110 00000000
8.125 0.012159504472059664 01000001 00000000
8.4375 0.016617755663837667 01000100 00000000
8.75 0.02270945277121882 01000110 00000000
9.0625 0.031032062969042755 01001000 00000000
9.375 0.04240071735082115 01001011 00000000
9.6875 0.057926752838484745 01001110 00000000
10.0 0.07912394101231278 01010000 00000001
10.3125 0.10805159621566401 01010010 00000001
10.625 0.14750630973997467 01010101 00000001
10.9375 0.20127686838055944 01011000 00000010
11.25 0.2744795332387835 01011010 00000010
11.5625 0.37399225586222185 01011100 00000011
11.875 0.5090045347780708 01011111 00000100
12.1875 0.6916906484047249 01100010 00000110
12.5 0.9379913840434022 01100100 00001000
12.8125 1.2684428512310406 01100110 00001010
13.125 1.7089065535943753 01101001 00001110
13.4375 2.290918382225679 01101100 00010010
13.75 3.0511828767715037 01101110 00011000
14.0625 4.029528474724234 01110000 00100000
14.375 5.264526812690021 01110011 00101010
14.6875 6.78620173942737 01110110 00110110
15.0 8.606125483839843 01111000 01000101
15.3125 10.706862120101952 01111010 01010110
15.625 13.034668801469769 01111101 01101000
15.9375 15.500162696863502 10000000 01111100
16.25 17.989648028345538 10000010 10010000
16.5625 20.38498542337226 10000100 10100011
16.875 22.58512089078436 10000111 10110101
17.1875 24.52139657875071 10001010 11000100
17.5 26.162383238196597 10001100 11010001
17.8125 27.509240016317335 10001110 11011100
18.125 28.58590099373916 10010001 11100101
18.4375 29.428560997689374 10010100 11101011
18.75 30.077227194431757 10010110 11110001
19.0625 30.570212151275193 10011000 11110101
19.375 30.941248691561466 10011011 11111000
19.6875 31.21846111826857 10011110 11111010
20.0 31.42444128121307 10100000 11111011
20.3125 31.576869703926235 10100010 11111101
20.625 31.68932875259283 10100101 11111110
20.9375 31.772114280136478 10101000 11111110
21.25 31.832955977806133 10101010 11111111
21.5625 31.877616523371607 10101100 11111111
21.875 31.910370337052125 10101111 11111111
22.1875 31.934376206722643 10110010 11111111
22.5 31.951962167784416 10110100 11111111
22.8125 31.96484060566641 10110110 11111111
23.125 31.974269250059866 10111001 11111111
23.4375 31.98117091780618 10111100 11111111
23.75 31.986222173397614 10111110 11111111
24.0625 31.9899187617894 11000000 11111111
24.375 31.992623784896217 11000011 11111111
24.6875 31.994603111872348 11000110 11111111
25.0 31.996051373568438 11001000 11111111
25.3125 31.99711102751519 11001010 11111111
25.625 31.997886331364654 11001101 11111111
25.9375 31.99845357957801 11010000 11111111
26.25 31.998868599976262 11010010 11111111
26.5625 31.999172242205393 11010100 11111111
26.875 31.99939439525613 11010111 11111111
27.1875 31.999556927853963 11011010 11111111
27.5 31.999675840288614 11011100 11111111
27.8125 31.9997628390441 11011110 11111111
28.125 31.999826488992962 11100001 11111111
28.4375 31.99987305645072 11100100 11111111
28.75 31.999907126016474 11100110 11111111
29.0625 31.9999320518892 11101000 11111111
29.375 31.99995028807185 11101011 11111111
29.6875 31.99996362996126 11101110 11111111
30.0 31.99997339110311 11110000 11111111
30.3125 31.999980532510826 11110010 11111111
30.625 31.99998575727834 11110101 11111111
30.9375 31.999989579800985 11111000 11111111
31.25 31.999992376418877 11111010 11111111
31.5625 31.999994422468546 11111100 11111111
31.875 31.999995919390628 11111111 11111111
32.1875 31.999997014562304 100000010 11111111
32.5 31.99999781580707 100000100 11111111
32.8125 31.999998402010284 100000110 11111111
33.125 31.999998830885737 100001001 11111111
33.4375 31.99999914465772 100001100 11111111
33.75 31.999999374218216 100001110 11111111
34.0625 31.99999954216827 100010000 11111111
34.375 31.999999665043145 100010011 11111111
34.6875 31.99999975494033 100010110 11111111
35.0 31.999999820710514 100011000 11111111
35.3125 31.999999868829008 100011010 11111111
35.625 31.999999904033253 100011101 11111111
35.9375 31.999999929789226 100100000 11111111
36.25 31.999999948632706 100100010 11111111
36.5625 31.999999962418883 100100100 11111111
36.875 31.999999972505066 100100111 11111111
37.1875 31.99999997988428 100101010 11111111
37.5 31.999999985283026 100101100 11111111
37.8125 31.999999989232826 100101110 11111111
38.125 31.999999992122568 100110001 11111111
38.4375 31.999999994236752 100110100 11111111
38.75 31.99999999578352 100110110 11111111
39.0625 31.999999996915157 100111000 11111111
39.375 31.999999997743082 100111011 11111111
39.6875 31.999999998348798 100111110 11111111
40.0 31.999999998791957 101000000 11111111
40.3125 31.999999999116177 101000010 11111111
40.625 31.999999999353378 101000101 11111111
40.9375 31.99999999952692 101001000 11111111
41.25 31.999999999653888 101001010 11111111
41.5625 31.999999999746784 101001100 11111111
41.875 31.99999999981474 101001111 11111111
42.1875 31.999999999864464 101010010 11111111
42.5 31.999999999900837 101010100 11111111
42.8125 31.999999999927454 101010110 11111111
43.125 31.999999999946922 101011001 11111111
43.4375 31.99999999996117 101011100 11111111
43.75 31.999999999971593 101011110 11111111
44.0625 31.999999999979217 101100000 11111111
44.375 31.999999999984794 101100011 11111111
44.6875 31.999999999988873 101100110 11111111
45.0 31.999999999991857 101101000 11111111
45.3125 31.999999999994046 101101010 11111111
45.625 31.999999999995644 101101101 11111111
45.9375 31.99999999999681 101110000 11111111
46.25 31.99999999999767 101110010 11111111
46.5625 31.999999999998295 101110100 11111111
46.875 31.99999999999875 101110111 11111111
47.1875 31.999999999999083 101111010 11111111
47.5 31.999999999999332 101111100 11111111
47.8125 31.99999999999951 101111110 11111111
48.125 31.999999999999645 110000001 11111111
48.4375 31.999999999999737 110000100 11111111
48.75 31.999999999999808 110000110 11111111
49.0625 31.999999999999858 110001000 11111111
49.375 31.9999999999999 110001011 11111111
49.6875 31.999999999999922 110001110 11111111
50.0 31.999999999999943 110010000 11111111
50.3125 31.999999999999957 110010010 11111111
50.625 31.99999999999997 110010101 11111111
50.9375 31.99999999999998 110011000 11111111
51.25 31.999999999999986 110011010 11111111
51.5625 31.999999999999986 110011100 11111111
51.875 31.999999999999993 110011111 11111111
52.1875 31.999999999999993 110100010 11111111
52.5 31.999999999999993 110100100 11111111
52.8125 32.0 110100110 11111111
53.125 32.0 110101001 11111111
53.4375 32.0 110101100 11111111
53.75 32.0 110101110 11111111
54.0625 32.0 110110000 11111111
54.375 32.0 110110011 11111111
54.6875 32.0 110110110 11111111
55.0 32.0 110111000 11111111
55.3125 32.0 110111010 11111111
55.625 32.0 110111101 11111111
55.9375 32.0 111000000 11111111
56.25 32.0 111000010 11111111
56.5625 32.0 111000100 11111111
56.875 32.0 111000111 11111111
57.1875 32.0 111001010 11111111
57.5 32.0 111001100 11111111
57.8125 32.0 111001110 11111111
58.125 32.0 111010001 11111111
58.4375 32.0 111010100 11111111
58.75 32.0 111010110 11111111
59.0625 32.0 111011000 11111111
59.375 32.0 111011011 11111111
59.6875 32.0 111011110 11111111
60.0 32.0 111100000 11111111
60.3125 32.0 111100010 11111111
60.625 32.0 111100101 11111111
60.9375 32.0 111101000 11111111
61.25 32.0 111101010 11111111
61.5625 32.0 111101100 11111111
61.875 32.0 111101111 11111111
62.1875 32.0 111110010 11111111
62.5 32.0 111110100 11111111
62.8125 32.0 111110110 11111111
63.125 32.0 111111001 11111111
63.4375 32.0 111111100 11111111
63.75 32.0 111111110 11111111
64.0625 32.0 1000000000 11111111
64.375 32.0 1000000011 11111111
64.6875 32.0 1000000110 11111111
65.0 32.0 1000001000 11111111
65.3125 32.0 1000001010 11111111
65.625 32.0 1000001101 11111111
65.9375 32.0 1000010000 11111111
66.25 32.0 1000010010 11111111
66.5625 32.0 1000010100 11111111
66.875 32.0 1000010111 11111111
67.1875 32.0 1000011010 11111111
67.5 32.0 1000011100 11111111
67.8125 32.0 1000011110 11111111
68.125 32.0 1000100001 11111111
68.4375 32.0 1000100100 11111111
68.75 32.0 1000100110 11111111
69.0625 32.0 1000101000 11111111
69.375 32.0 1000101011 11111111
69.6875 32.0 1000101110 11111111
70.0 32.0 1000110000 11111111
70.3125 32.0 1000110010 11111111
70.625 32.0 1000110101 11111111
70.9375 32.0 1000111000 11111111
71.25 32.0 1000111010 11111111
71.5625 32.0 1000111100 11111111
71.875 32.0 1000111111 11111111
72.1875 32.0 1001000010 11111111
72.5 32.0 1001000100 11111111
72.8125 32.0 1001000110 11111111
73.125 32.0 1001001001 11111111
73.4375 32.0 1001001100 11111111
73.75 32.0 1001001110 11111111
74.0625 32.0 1001010000 11111111
74.375 32.0 1001010011 11111111
74.6875 32.0 1001010110 11111111
75.0 32.0 1001011000 11111111
75.3125 32.0 1001011010 11111111
75.625 32.0 1001011101 11111111
75.9375 32.0 1001100000 11111111
76.25 32.0 1001100010 11111111
76.5625 32.0 1001100100 11111111
76.875 32.0 1001100111 11111111
77.1875 32.0 1001101010 11111111
77.5 32.0 1001101100 11111111
77.8125 32.0 1001101110 11111111
78.125 32.0 1001110001 11111111
78.4375 32.0 1001110100 11111111
78.75 32.0 1001110110 11111111
79.0625 32.0 1001111000 11111111
79.375 32.0 1001111011 11111111
79.6875 32.0 1001111110 11111111
80.0 32.0 1010000000 11111111
