0.0 3.60112518576304e-06 00000000 00000000
0.15625 4.210141801514695e-06 00000001 00000000
0.3125 4.922154331620261e-06 00000010 00000000
0.46875 5.754581274294457e-06 00000100 00000000
0.625 6.727786913149214e-06 00000101 00000000
0.78125 7.865579502391777e-06 00000110 00000000
0.9375 9.195793703797138e-06 00001000 00000000
1.09375 1.0750971523788681e-05 00001001 00000000
1.25 1.2569158408545414e-05 00001010 00000000
1.40625 1.469483397211748e-05 00001011 00000000
1.5625 1.718000012597653e-05 00001100 00000000
1.71875 2.0085453228805477e-05 00001110 00000000
1.875 2.348227137681306e-05 00001111 00000000
2.03125 2.7453553217531226e-05 00010000 00000000
2.1875 3.2096450822615525e-05 00010010 00000000
2.34375 3.7524546348071515e-05 00010011 00000000
2.5 4.387063061945103e-05 00010100 00000000
2.65625 5.12899516105006e-05 00010101 00000000
2.8125 5.996401227683831e-05 00010110 00000000
2.96875 7.010501064242517e-05 00011000 00000000
3.125 8.196103074427754e-05 00011001 00000000
3.28125 9.582211140388847e-05 00011010 00000000
3.4375 0.00011202734126084614 00011100 00000000
3.59375 0.0001309731535995392 00011101 00000000
3.75 0.0001531230238364838 00011110 00000000
3.90625 0.00017901880682992004 00011111 00000000
4.0625 0.00020929399126187636 00100000 00000000
4.21875 0.0002446891952038802 00100010 00000000
4.375 0.00028607028175357336 00100011 00000000
4.53125 0.0003344495376556075 00100100 00000000
4.6875 0.0003910104326557122 00100110 00000000
4.84375 0.000457136564802989 00100111 00000000
5.0 0.0005344454991390458 00101000 00000000
5.15625 0.0006248283266765511 00101001 00000000
5.3125 0.0007304959101724149 00101010 00000000
5.46875 0.0008540329463241139 00101100 00000000
5.625 0.0009984611646069283 00101101 00000000
5.78125 0.001167313205625609 00101110 00000000
5.9375 0.0013647189819385322 00110000 00000000
6.09375 0.0015955066280726464 00110001 00000000
6.25 0.0018653205011564368 00110010 00000000
6.40625 0.002180759107717116 00110011 00000000
6.5625 0.002549536315553007 00110100 00000000
6.71875 0.002980669773624032 00110110 00000000
6.875 0.0034847011208497423 00110111 00000000
7.03125 0.004073953331908338 00111000 00000000
7.1875 0.004762831442332202 00111010 00000000
7.34375 0.005568173936866858 00111011 00000000
7.5 0.006509663297766609 00111100 00000000
7.65625 0.007610305620490939 00111101 00000000
7.8125 0.008896990844080497 00111110 00000000
7.96875 0.010401147047569514 01000000 00000000
8.125 0.012159504472059664 01000001 00000000
8.28125 0.0142149874854859 01000010 00000000
8.4375 0.016617755663837667 01000100 00000000
8.59375 0.019426418574128308 01000101 00000000
8.75 0.02270945277121882 01000110 00000000
8.90625 0.02654685402749129 01000111 00000000
9.0625 0.031032062969042755 01001000 00000000
9.21875 0.03627420816280037 01001010 00000000
9.375 0.04240071735082115 01001011 00000000
9.53125 0.04956035501721536 01001100 00000000
9.6875 0.057926752838484745 01001110 00000000
9.84375 0.06770250881897964 01001111 00000001
10.0 0.07912394101231278 01010000 00000001
10.15625 0.09246659256875606 01010001 00000001
10.3125 0.10805159621566401 01010010 00000001
10.46875 0.12625301781126472 01010100 00000001
10.625 0.14750630973997467 01010101 00000001
10.78125 0.17231801477689473 01010110 00000001
10.9375 0.20127686838055944 01011000 00000010
11.09375 0.23506645038326596 01011001 00000010
11.25 0.2744795332387835 01011010 00000010
11.40625 0.3204342599415404 01011011 00000011
11.5625 0.37399225586222185 01011100 00000011
11.71875 0.4363787290057561 01011110 00000011
11.875 0.5090045347780708 01011111 00000100
12.03125 0.5934900643877535 01100000 00000101
12.1875 0.6916906484047249 01100010 00000110
12.34375 0.8057229344192595 01100011 00000110
12.5 0.9379913840434022 01100100 00001000
12.65625 1.0912136227939686 01100101 00001001
12.8125 1.2684428512310406 01100110 00001010
12.96875 1.473084876775692 01101000 00001100
13.125 1.7089065535943753 01101001 00001110
13.28125 1.980031543156567 01101010 00010000
13.4375 2.290918382225679 01101100 00010010
13.59375 2.6463149656012432 01101101 00010101
13.75 3.0511828767715037 01101110 00011000
13.90625 3.5105847640950643 01101111 00011100
14.0625 4.029528474724234 01110000 00100000
14.21875 4.612763297047699 01110010 00100101
14.375 5.264526812690021 01110011 00101010
14.53125 5.98824582919765 01110100 00110000
14.6875 6.78620173942737 01110110 00110110
14.84375 7.659179114326772 01110111 00111101
15.0 8.606125483839843 01111000 01000101
15.15625 9.623858526119728 01111001 01001101
15.3125 10.706862120101952 01111010 01010110
15.46875 11.84721256305877 01111100 01011111
15.625 13.034668801469769 01111101 01101000
15.78125 14.256945121266327 01111110 01110010
15.9375 15.500162696863502 10000000 01111100
16.09375 16.74945116596237 10000001 10000110
16.25 17.989648028345538 10000010 10010000
16.40625 19.20602749632656 10000011 10011010
16.5625 20.38498542337226 10000100 10100011
16.71875 21.514614373737153 10000110 10101100
16.875 22.58512089078436 10000111 10110101
17.03125 23.58906120411787 10001000 10111101
17.1875 24.52139657875071 10001010 11000100
17.34375 25.37939043789158 10001011 11001011
17.5 26.162383238196597 10001100 11010001
17.65625 26.871486965511657 10001101 11010111
17.8125 27.509240016317335 10001110 11011100
17.96875 28.0792571994189 10010000 11100001
18.125 28.58590099373916 10010001 11100101
18.28125 29.03399108353997 10010010 11101000
18.4375 29.428560997689374 10010100 11101011
18.59375 29.774664175813502 10010101 11101110
18.75 30.077227194431757 10010110 11110001
18.90625 30.34094506720704 10010111 11110011
19.0625 30.570212151275193 10011000 11110101
19.21875 30.76908185541362 10011010 11110110
19.375 30.941248691561466 10011011 11111000
19.53125 31.090046942564715 10011100 11111001
19.6875 31.21846111826857 10011110 11111010
19.84375 31.329144293819915 10011111 11111011
20.0 31.42444128121307 10100000 11111011
20.15625 31.50641433338108 10100001 11111100
20.3125 31.576869703926235 10100010 11111101
20.46875 31.63738388699643 10100100 11111101
20.625 31.68932875259283 10100101 11111110
20.78125 31.73389508872083 10100110 11111110
20.9375 31.772114280136478 10101000 11111110
21.09375 31.80487800983759 10101001 11111110
21.25 31.832955977806133 10101010 11111111
21.40625 31.857011703472285 10101011 11111111
21.5625 31.877616523371607 10101100 11111111
21.71875 31.89526192093851 10101110 11111111
21.875 31.910370337052125 10101111 11111111
22.03125 31.92330461215587 10110000 11111111
22.1875 31.934376206722643 10110010 11111111
22.34375 31.94385233887682 10110011 11111111
22.5 31.951962167784416 10110100 11111111
22.65625 31.958902140155715 10110101 11111111
22.8125 31.96484060566641 10110110 11111111
22.96875 31.96992179581879 10111000 11111111
23.125 31.974269250059866 10111001 11111111
23.28125 31.977988763038233 10111010 11111111
23.4375 31.98117091780618 10111100 11111111
23.59375 31.98389326158551 10111101 11111111
23.75 31.986222173397614 10111110 11111111
23.90625 31.988214466367488 10111111 11111111
24.0625 31.9899187617894 11000000 11111111
24.21875 31.99137666702212 11000010 11111111
24.375 31.992623784896217 11000011 11111111
24.53125 31.99369057849721 11000100 11111111
24.6875 31.994603111872348 11000110 11111111
24.84375 31.995383684336485 11000111 11111111
25.0 31.996051373568438 11001000 11111111
25.15625 31.996622500545463 11001001 11111111
25.3125 31.99711102751519 11001010 11111111
25.46875 31.9975288986131 11001100 11111111
25.625 31.997886331364654 11001101 11111111
25.78125 31.998192066134923 11001110 11111111
25.9375 31.99845357957801 11010000 11111111
26.09375 31.998677267271393 11010001 11111111
26.25 31.998868599976262 11010010 11111111
26.40625 31.999032257326917 11010011 11111111
26.5625 31.999172242205393 11010100 11111111
26.71875 31.99929197858894 11010110 11111111
26.875 31.99939439525613 11010111 11111111
27.03125 31.999481997394046 11011000 11111111
27.1875 31.999556927853963 11011010 11111111
27.34375 31.99962101955117 11011011 11111111
27.5 31.999675840288614 11011100 11111111
27.65625 31.99972273109927 11011101 11111111
27.8125 31.9997628390441 11011110 11111111
27.96875 31.999797145267074 11100000 11111111
28.125 31.999826488992962 11100001 11111111
28.28125 31.999851588054486 11100010 11111111
28.4375 31.99987305645072 11100100 11111111
28.59375 31.999891419365987 11100101 11111111
28.75 31.999907126016474 11100110 11111111
28.90625 31.99992056063881 11100111 11111111
29.0625 31.9999320518892 11101000 11111111
29.21875 31.99994188088308 11101010 11111111
29.375 31.99995028807185 11101011 11111111
29.53125 31.999957479124994 11101100 11111111
29.6875 31.99996362996126 11101110 11111111
29.84375 31.999968891052195 11101111 11111111
30.0 31.99997339110311 11110000 11111111
30.15625 31.999977240201645 11110001 11111111
30.3125 31.999980532510826 11110010 11111111
30.46875 31.999983348572638 11110100 11111111
30.625 31.99998575727834 11110101 11111111
30.78125 31.99998781755379 11110110 11111111
30.9375 31.999989579800985 11111000 11111111
31.09375 31.999991087131047 11111001 11111111
31.25 31.999992376418877 11111010 11111111
31.40625 31.999993479205287 11111011 11111111
31.5625 31.999994422468546 11111100 11111111
31.71875 31.999995229284416 11111110 11111111
31.875 31.999995919390628 11111111 11111111
32.03125 31.999996509669774 11111111 11111111
32.1875 31.999997014562304 100000010 11111111
32.34375 31.99999744641978 100000011 11111111
32.5 31.99999781580707 100000100 11111111
32.65625 31.999998131760766 100000101 11111111
32.8125 31.999998402010284 100000110 11111111
32.96875 31.999998633166953 100001000 11111111
33.125 31.999998830885737 100001001 11111111
33.28125 31.999999000003573 100001010 11111111
33.4375 31.99999914465772 100001100 11111111
33.59375 31.999999268386976 100001101 11111111
33.75 31.999999374218216 100001110 11111111
33.90625 31.99999946474048 100001111 11111111
34.0625 31.99999954216827 100010000 11111111
34.21875 31.999999608395765 100010010 11111111
34.375 31.999999665043145 100010011 11111111
34.53125 31.99999971349622 100010100 11111111
34.6875 31.99999975494033 100010110 11111111
34.84375 31.999999790389353 100010111 11111111
35.0 31.999999820710514 100011000 11111111
35.15625 31.99999984664558 100011001 11111111
35.3125 31.999999868829008 100011010 11111111
35.46875 31.999999887803504 100011100 11111111
35.625 31.999999904033253 100011101 11111111
35.78125 31.99999991791529 100011110 11111111
35.9375 31.999999929789226 100100000 11111111
36.09375 31.999999939945546 100100001 11111111
36.25 31.999999948632706 100100010 11111111
36.40625 31.99999995606322 100100011 11111111
36.5625 31.999999962418883 100100100 11111111
36.71875 31.999999967855167 100100110 11111111
36.875 31.999999972505066 100100111 11111111
37.03125 31.999999976482336 100101000 11111111
37.1875 31.99999997988428 100101010 11111111
37.34375 31.999999982794108 100101011 11111111
37.5 31.999999985283026 100101100 11111111
37.65625 31.999999987411904 100101101 11111111
37.8125 31.999999989232826 100101110 11111111
37.96875 31.99999999079035 100110000 11111111
38.125 31.999999992122568 100110001 11111111
38.28125 31.99999999326208 100110010 11111111
38.4375 31.999999994236752 100110100 11111111
38.59375 31.999999995070432 100110101 11111111
38.75 31.99999999578352 100110110 11111111
38.90625 31.99999999639345 100110111 11111111
39.0625 31.999999996915157 100111000 11111111
39.21875 31.999999997361392 100111010 11111111
39.375 31.999999997743082 100111011 11111111
39.53125 31.999999998069555 100111100 11111111
39.6875 31.999999998348798 100111110 11111111
39.84375 31.999999998587654 100111111 11111111
40.0 31.999999998791957 101000000 11111111
