00000000 00000000
00000001 00000000
00000010 00000000
00000100 00000000
00000101 00000000
00000110 00000000
00001000 00000000
00001001 00000000
00001010 00000000
00001011 00000000
00001100 00000000
00001110 00000000
00001111 00000000
00010000 00000000
00010010 00000000
00010011 00000000
00010100 00000000
00010101 00000000
00010110 00000000
00011000 00000000
00011001 00000000
00011010 00000000
00011100 00000000
00011101 00000000
00011110 00000000
00011111 00000000
00100000 00000000
00100010 00000000
00100011 00000000
00100100 00000000
00100110 00000000
00100111 00000000
00101000 00000000
00101001 00000000
00101010 00000000
00101100 00000000
00101101 00000000
00101110 00000000
00110000 00000000
00110001 00000000
00110010 00000000
00110011 00000000
00110100 00000000
00110110 00000000
00110111 00000000
00111000 00000000
00111010 00000000
00111011 00000000
00111100 00000000
00111101 00000000
00111110 00000000
01000000 00000000
01000001 00000000
01000010 00000000
01000100 00000000
01000101 00000000
01000110 00000000
01000111 00000000
01001000 00000000
01001010 00000000
01001011 00000000
01001100 00000000
01001110 00000000
01001111 00000001
01010000 00000001
01010001 00000001
01010010 00000001
01010100 00000001
01010101 00000001
01010110 00000001
01011000 00000010
01011001 00000010
01011010 00000010
01011011 00000011
01011100 00000011
01011110 00000011
01011111 00000100
01100000 00000101
01100010 00000110
01100011 00000110
01100100 00001000
01100101 00001001
01100110 00001010
01101000 00001100
01101001 00001110
01101010 00010000
01101100 00010010
01101101 00010101
01101110 00011000
01101111 00011100
01110000 00100000
01110010 00100101
01110011 00101010
01110100 00110000
01110110 00110110
01110111 00111101
01111000 01000101
01111001 01001101
01111010 01010110
01111100 01011111
01111101 01101000
01111110 01110010
10000000 01111100
10000001 10000110
10000010 10010000
10000011 10011010
10000100 10100011
10000110 10101100
10000111 10110101
10001000 10111101
10001010 11000100
10001011 11001011
10001100 11010001
10001101 11010111
10001110 11011100
10010000 11100001
10010001 11100101
10010010 11101000
10010100 11101011
10010101 11101110
10010110 11110001
10010111 11110011
10011000 11110101
10011010 11110110
10011011 11111000
10011100 11111001
10011110 11111010
10011111 11111011
10100000 11111011
10100001 11111100
10100010 11111101
10100100 11111101
10100101 11111110
10100110 11111110
10101000 11111110
10101001 11111110
10101010 11111111
10101011 11111111
10101100 11111111
10101110 11111111
10101111 11111111
10110000 11111111
10110010 11111111
10110011 11111111
10110100 11111111
10110101 11111111
10110110 11111111
10111000 11111111
10111001 11111111
10111010 11111111
10111100 11111111
10111101 11111111
10111110 11111111
10111111 11111111
11000000 11111111
11000010 11111111
11000011 11111111
11000100 11111111
11000110 11111111
11000111 11111111
11001000 11111111
11001001 11111111
11001010 11111111
11001100 11111111
11001101 11111111
11001110 11111111
11010000 11111111
11010001 11111111
11010010 11111111
11010011 11111111
11010100 11111111
11010110 11111111
11010111 11111111
11011000 11111111
11011010 11111111
11011011 11111111
11011100 11111111
11011101 11111111
11011110 11111111
11100000 11111111
11100001 11111111
11100010 11111111
11100100 11111111
11100101 11111111
11100110 11111111
11100111 11111111
11101000 11111111
11101010 11111111
11101011 11111111
11101100 11111111
11101110 11111111
11101111 11111111
11110000 11111111
11110001 11111111
11110010 11111111
11110100 11111111
11110101 11111111
11110110 11111111
11111000 11111111
11111001 11111111
11111010 11111111
11111011 11111111
11111100 11111111
11111110 11111111
11111111 11111111
11111111 11111111
100000010 11111111
100000011 11111111
100000100 11111111
100000101 11111111
100000110 11111111
100001000 11111111
100001001 11111111
100001010 11111111
100001100 11111111
100001101 11111111
100001110 11111111
100001111 11111111
100010000 11111111
100010010 11111111
100010011 11111111
100010100 11111111
100010110 11111111
100010111 11111111
100011000 11111111
100011001 11111111
100011010 11111111
100011100 11111111
100011101 11111111
100011110 11111111
100100000 11111111
100100001 11111111
100100010 11111111
100100011 11111111
100100100 11111111
100100110 11111111
100100111 11111111
100101000 11111111
100101010 11111111
100101011 11111111
100101100 11111111
100101101 11111111
100101110 11111111
100110000 11111111
100110001 11111111
100110010 11111111
100110100 11111111
100110101 11111111
100110110 11111111
100110111 11111111
100111000 11111111
100111010 11111111
100111011 11111111
100111100 11111111
100111110 11111111
100111111 11111111
101000000 11111111
