0.0 3.60112518576304e-06 00000000 00000000
0.0625 3.833377778292052e-06 00000000 00000000
0.125 4.0806093724040034e-06 00000001 00000000
0.1875 4.34378603020787e-06 00000010 00000000
0.25 4.623936119399948e-06 00000010 00000000
0.3125 4.922154331620261e-06 00000010 00000000
0.375 5.239605959969504e-06 00000011 00000000
0.4375 5.5775314524008276e-06 00000100 00000000
0.5 5.93725125877866e-06 00000100 00000000
0.5625 6.320170990544261e-06 00000100 00000000
0.625 6.727786913149214e-06 00000101 00000000
0.6875 7.1616917927182495e-06 00000110 00000000
0.75 7.623581119786976e-06 00000110 00000000
0.8125 8.1152597344334e-06 00000110 00000000
0.875 8.638648878690565e-06 00000111 00000000
0.9375 9.195793703797138e-06 00001000 00000000
1.0 9.788871261619991e-06 00001000 00000000
1.0625 1.0420199011474665e-05 00001000 00000000
1.125 1.1092243875583383e-05 00001001 00000000
1.1875 1.1807631878554033e-05 00001010 00000000
1.25 1.2569158408545414e-05 00001010 00000000
1.3125 1.3379799140213203e-05 00001010 00000000
1.375 1.424272166211681e-05 00001011 00000000
1.4375 1.5161297854019777e-05 00001100 00000000
1.5 1.6139117062446453e-05 00001100 00000000
1.5625 1.718000012597653e-05 00001100 00000000
1.625 1.8288014305079184e-05 00001101 00000000
1.6875 1.9467489174822704e-05 00001110 00000000
1.75 2.0723033542557656e-05 00001110 00000000
1.8125 2.205955345667616e-05 00001110 00000000
1.875 2.348227137681306e-05 00001111 00000000
1.9375 2.4996746580392254e-05 00010000 00000000
2.0 2.6608896885252227e-05 00010000 00000000
2.0625 2.8325021773226502e-05 00010000 00000000
2.125 3.015182700502836e-05 00010001 00000000
2.1875 3.2096450822615525e-05 00010010 00000000
2.25 3.41664918414127e-05 00010010 00000000
2.3125 3.637003874137178e-05 00010010 00000000
2.375 3.871570187287738e-05 00010011 00000000
2.4375 4.1212646900986064e-05 00010100 00000000
2.5 4.387063061945103e-05 00010100 00000000
2.5625 4.670003907446035e-05 00010100 00000000
2.625 4.9711928147040384e-05 00010101 00000000
2.6875 5.291806675268047e-05 00010110 00000000
2.75 5.633098282695954e-05 00010110 00000000
2.8125 5.996401227683831e-05 00010110 00000000
2.875 6.383135108886582e-05 00010111 00000000
2.9375 6.794811079788067e-05 00011000 00000000
3.0 7.233037753291439e-05 00011000 00000000
3.0625 7.699527487097679e-05 00011000 00000000
3.125 8.196103074427754e-05 00011001 00000000
3.1875 8.724704866226976e-05 00011010 00000000
3.25 9.28739835267551e-05 00011010 00000000
3.3125 9.886382233622844e-05 00011010 00000000
3.375 0.00010523997009473593 00011011 00000000
3.4375 0.00011202734126084614 00011100 00000000
3.5 0.00011925245709396995 00011100 00000000
3.5625 0.0001269435492782954 00011100 00000000
3.625 0.00013513067022911753 00011101 00000000
3.6875 0.000143845810512438 00011110 00000000
3.75 0.0001531230238364838 00011110 00000000
3.8125 0.00016299856010335958 00011110 00000000
3.875 0.0001735110070405177 00011111 00000000
3.9375 0.00018470144096522623 00100000 00000000
4.0 0.00019661358727087098 00100000 00000000
4.0625 0.00020929399126187636 00100000 00000000
4.125 0.0002227922000044278 00100001 00000000
4.1875 0.00023716095590317228 00100010 00000000
4.25 0.00025245640275984107 00100010 00000000
4.3125 0.000268738305118449 00100010 00000000
4.375 0.00028607028175357336 00100011 00000000
4.4375 0.00030452005421340044 00100100 00000000
4.5 0.0003241597113879655 00100100 00000000
4.5625 0.0003450659911355288 00100100 00000000
4.625 0.00036732058006657125 00100101 00000000
4.6875 0.0003910104326557122 00100110 00000000
4.75 0.00041622811092723304 00100110 00000000
4.8125 0.00044307214604010864 00100110 00000000
4.875 0.0004716474231838378 00100111 00000000
4.9375 0.0005020655912872331 00101000 00000000
5.0 0.0005344454991390458 00101000 00000000
5.0625 0.0005689136596222303 00101000 00000000
5.125 0.000605604743873195 00101001 00000000
5.1875 0.0006446621072939648 00101010 00000000
5.25 0.0006862383494692464 00101010 00000000
5.3125 0.0007304959101724149 00101010 00000000
5.375 0.0007776077037849472 00101011 00000000
5.4375 0.000827757794603341 00101100 00000000
5.5 0.0008811421156666711 00101100 00000000
5.5625 0.0009379692339072381 00101100 00000000
5.625 0.0009984611646069283 00101101 00000000
5.6875 0.0010628542383336044 00101110 00000000
5.75 0.001131400023735818 00101110 00000000
5.8125 0.0012043663097911809 00101110 00000000
5.875 0.0012820381513346318 00101111 00000000
5.9375 0.0013647189819385322 00110000 00000000
6.0 0.0014527317984779006 00110000 00000000
6.0625 0.0015464204219921716 00110000 00000000
6.125 0.0016461508397506873 00110001 00000000
6.1875 0.001752312633743829 00110010 00000000
6.25 0.0018653205011564368 00110010 00000000
6.3125 0.001985615872736238 00110010 00000000
6.375 0.0021136686353487332 00110011 00000000
6.4375 0.002249978965412786 00110100 00000000
6.5 0.0023950792803395593 00110100 00000000
6.5625 0.002549536315553007 00110100 00000000
6.625 0.002713953335154584 00110101 00000000
6.6875 0.0028889724848099535 00110110 00000000
6.75 0.0030752772959831668 00110110 00000000
6.8125 0.0032735953512260754 00110110 00000000
6.875 0.0034847011208497423 00110111 00000000
6.9375 0.0037094189819625915 00111000 00000000
7.0 0.003948626431559415 00111000 00000000
7.0625 0.004203257506088568 00111000 00000000
7.125 0.004474306420714532 00111001 00000000
7.1875 0.004762831442332202 00111010 00000000
7.25 0.005069959011280829 00111010 00000000
7.3125 0.005396888127652618 00111010 00000000
7.375 0.005744895019096876 00111011 00000000
7.4375 0.006115338108088855 00111100 00000000
7.5 0.006509663297766609 00111100 00000000
7.5625 0.006929409596643304 00111100 00000000
7.625 0.0073762151037804705 00111101 00000000
7.6875 0.007851823377363919 00111110 00000000
7.75 0.008358090211063022 00111110 00000000
7.8125 0.008896990844080497 00111110 00000000
7.875 0.009470627632418464 00111111 00000000
7.9375 0.010081238210602857 01000000 00000000
8.0 0.0107312041749273 01000000 00000000
8.0625 0.011423060321205068 01000000 00000000
8.125 0.012159504472059664 01000001 00000000
8.1875 0.012943407930946588 01000010 00000000
8.25 0.013777826602387676 01000010 00000000
8.3125 0.014666012820321222 01000010 00000000
8.375 0.01561142792903251 01000011 00000000
8.4375 0.016617755663837667 01000100 00000000
8.5 0.017688916381555186 01000100 00000000
8.5625 0.01882908219382204 01000100 00000000
8.625 0.020042693059501446 01000101 00000000
8.6875 0.021334473895794858 01000110 00000000
8.75 0.02270945277121882 01000110 00000000
8.8125 0.024172980247344884 01000110 00000000
8.875 0.025730749940135533 01000111 00000000
8.9375 0.027388820375847257 01001000 00000000
9.0 0.029153638220820653 01001000 00000000
9.0625 0.031032062969042755 01001000 00000000
9.125 0.03303139317615422 01001001 00000000
9.1875 0.03515939433358858 01001010 00000000
9.25 0.03742432848177647 01001010 00000000
9.3125 0.039834985666827985 01001010 00000000
9.375 0.04240071735082115 01001011 00000000
9.4375 0.045131471891776735 01001100 00000000
9.5 0.048037832215583734 01001100 00000000
9.5625 0.051131055808555 01001100 00000000
9.625 0.054423117165929215 01001101 00000000
9.6875 0.057926752838484745 01001110 00000000
9.75 0.06165550922647922 01001110 00000000
9.8125 0.0656237932773561 01001110 00000001
9.875 0.06984692625104579 01001111 00000001
9.9375 0.07434120072420104 01010000 00000001
10.0 0.07912394101231278 01010000 00000001
10.0625 0.08421356719630654 01010000 00000001
10.125 0.08962966294787116 01010001 00000001
10.1875 0.09539304735535671 01010010 00000001
10.25 0.10152585095952606 01010010 00000001
10.3125 0.10805159621566401 01010010 00000001
10.375 0.11499528260544288 01010011 00000001
10.4375 0.12238347662839075 01010100 00000001
10.5 0.13024440690867609 01010100 00000001
10.5625 0.13860806465804767 01010100 00000001
10.625 0.14750630973997467 01010101 00000001
10.6875 0.15697298258310513 01010110 00000001
10.75 0.1670440221938687 01010110 00000001
10.8125 0.1777575905181153 01010110 00000001
10.875 0.18915420339980146 01010111 00000010
10.9375 0.20127686838055944 01011000 00000010
11.0 0.21417122957711537 01011000 00000010
11.0625 0.22788571986352324 01011000 00000010
11.125 0.24247172057154595 01011001 00000010
11.1875 0.2579837289046925 01011010 00000010
11.25 0.2744795332387835 01011010 00000010
11.3125 0.29202039645377664 01011010 00000010
11.375 0.3106712474071701 01011011 00000010
11.4375 0.3305008806177661 01011100 00000011
11.5 0.35158216417898175 01011100 00000011
11.5625 0.37399225586222185 01011100 00000011
11.625 0.3978128273019462 01011101 00000011
11.6875 0.4231302960737648 01011110 00000011
11.75 0.4500360653838552 01011110 00000100
11.8125 0.4786267709807997 01011110 00000100
11.875 0.5090045347780708 01011111 00000100
11.9375 0.5412772245352483 01100000 00000100
12.0 0.5755587187869299 01100000 00000101
12.0625 0.6119691760284449 01100000 00000101
12.125 0.6506353069650801 01100001 00000101
12.1875 0.6916906484047249 01100010 00000110
12.25 0.7352758371208197 01100010 00000110
12.3125 0.7815388817314307 01100010 00000110
12.375 0.8306354303294992 01100011 00000111
12.4375 0.8827290312572798 01100100 00000111
12.5 0.9379913840434022 01100100 00001000
12.5625 0.9966025771129107 01100100 00001000
12.625 1.058751308438532 01100101 00001000
12.6875 1.1246350848253845 01100110 00001001
12.75 1.1944603950121426 01100110 00001010
12.8125 1.2684428512310406 01100110 00001010
12.875 1.3468072932998028 01100111 00001011
12.9375 1.4297878487248066 01101000 00001011
13.0 1.517627941682137 01101000 00001100
13.0625 1.6105802431192602 01101000 00001101
13.125 1.7089065535943753 01101001 00001110
13.1875 1.8128776098551627 01101010 00001111
13.25 1.922772805568244 01101010 00001111
13.3125 2.0388798160628907 01101010 00010000
13.375 2.1614941164681314 01101011 00010001
13.4375 2.290918382225679 01101100 00010010
13.5 2.4274617606797935 01101100 00010011
13.5625 2.5714390023106266 01101100 00010101
13.625 2.723169440224648 01101101 00010110
13.6875 2.8829758067824582 01101110 00010111
13.75 3.0511828767715037 01101110 00011000
13.8125 3.2281159273618085 01101110 00011010
13.875 3.414099006260838 01101111 00011011
13.9375 3.609453001052583 01110000 00011101
14.0 3.8144935047077615 01110000 00011111
14.0625 4.029528474724234 01110000 00100000
14.125 4.2548556863305365 01110001 00100010
14.1875 4.490759983682662 01110010 00100100
14.25 4.737510337014063 01110010 00100110
14.3125 4.995356718254637 01110010 00101000
14.375 5.264526812690021 01110011 00101010
14.4375 5.545222589738451 01110100 00101100
14.5 5.837616761803403 01110100 00101111
14.5625 6.141849166311578 01110100 00110001
14.625 6.458023112332123 01110101 00110100
14.6875 6.78620173942737 01110110 00110110
14.75 7.126404442409883 01110110 00111001
14.8125 7.478603421249289 01110110 00111100
14.875 7.842720420235895 01110111 00111111
14.9375 8.218623724400603 01111000 01000010
15.0 8.606125483839843 01111000 01000101
15.0625 9.004979437732603 01111000 01001000
15.125 9.41487910921564 01111001 01001011
15.1875 9.835456539688444 01111010 01001111
15.25 10.266281626387425 01111010 01010010
15.3125 10.706862120101952 01111010 01010110
15.375 11.156644330686264 01111011 01011001
15.4375 11.615014576627738 01111100 01011101
15.5 12.081301401540653 01111100 01100001
15.5625 12.554778565347467 01111100 01100100
15.625 13.034668801469769 01111101 01101000
15.6875 13.520148314054026 01111110 01101100
15.75 14.010351971654462 01111110 01110000
15.8125 14.504379136492357 01111110 01110100
15.875 15.0013000520398 01111111 01111000
15.9375 15.500162696863502 10000000 01111100
16.0 16.0 10000000 10000000
