00000000 00000000
00000000 00000000
00000001 00000000
00000010 00000000
00000010 00000000
00000010 00000000
00000011 00000000
00000100 00000000
00000100 00000000
00000100 00000000
00000101 00000000
00000110 00000000
00000110 00000000
00000110 00000000
00000111 00000000
00001000 00000000
00001000 00000000
00001000 00000000
00001001 00000000
00001010 00000000
00001010 00000000
00001010 00000000
00001011 00000000
00001100 00000000
00001100 00000000
00001100 00000000
00001101 00000000
00001110 00000000
00001110 00000000
00001110 00000000
00001111 00000000
00010000 00000000
00010000 00000000
00010000 00000000
00010001 00000000
00010010 00000000
00010010 00000000
00010010 00000000
00010011 00000000
00010100 00000000
00010100 00000000
00010100 00000000
00010101 00000000
00010110 00000000
00010110 00000000
00010110 00000000
00010111 00000000
00011000 00000000
00011000 00000000
00011000 00000000
00011001 00000000
00011010 00000000
00011010 00000000
00011010 00000000
00011011 00000000
00011100 00000000
00011100 00000000
00011100 00000000
00011101 00000000
00011110 00000000
00011110 00000000
00011110 00000000
00011111 00000000
00100000 00000000
00100000 00000000
00100000 00000000
00100001 00000000
00100010 00000000
00100010 00000000
00100010 00000000
00100011 00000000
00100100 00000000
00100100 00000000
00100100 00000000
00100101 00000000
00100110 00000000
00100110 00000000
00100110 00000000
00100111 00000000
00101000 00000000
00101000 00000000
00101000 00000000
00101001 00000000
00101010 00000000
00101010 00000000
00101010 00000000
00101011 00000000
00101100 00000000
00101100 00000000
00101100 00000000
00101101 00000000
00101110 00000000
00101110 00000000
00101110 00000000
00101111 00000000
00110000 00000000
00110000 00000000
00110000 00000000
00110001 00000000
00110010 00000000
00110010 00000000
00110010 00000000
00110011 00000000
00110100 00000000
00110100 00000000
00110100 00000000
00110101 00000000
00110110 00000000
00110110 00000000
00110110 00000000
00110111 00000000
00111000 00000000
00111000 00000000
00111000 00000000
00111001 00000000
00111010 00000000
00111010 00000000
00111010 00000000
00111011 00000000
00111100 00000000
00111100 00000000
00111100 00000000
00111101 00000000
00111110 00000000
00111110 00000000
00111110 00000000
00111111 00000000
01000000 00000000
01000000 00000000
01000000 00000000
01000001 00000000
01000010 00000000
01000010 00000000
01000010 00000000
01000011 00000000
01000100 00000000
01000100 00000000
01000100 00000000
01000101 00000000
01000110 00000000
01000110 00000000
01000110 00000000
01000111 00000000
01001000 00000000
01001000 00000000
01001000 00000000
01001001 00000000
01001010 00000000
01001010 00000000
01001010 00000000
01001011 00000000
01001100 00000000
01001100 00000000
01001100 00000000
01001101 00000000
01001110 00000000
01001110 00000000
01001110 00000001
01001111 00000001
01010000 00000001
01010000 00000001
01010000 00000001
01010001 00000001
01010010 00000001
01010010 00000001
01010010 00000001
01010011 00000001
01010100 00000001
01010100 00000001
01010100 00000001
01010101 00000001
01010110 00000001
01010110 00000001
01010110 00000001
01010111 00000010
01011000 00000010
01011000 00000010
01011000 00000010
01011001 00000010
01011010 00000010
01011010 00000010
01011010 00000010
01011011 00000010
01011100 00000011
01011100 00000011
01011100 00000011
01011101 00000011
01011110 00000011
01011110 00000100
01011110 00000100
01011111 00000100
01100000 00000100
01100000 00000101
01100000 00000101
01100001 00000101
01100010 00000110
01100010 00000110
01100010 00000110
01100011 00000111
01100100 00000111
01100100 00001000
01100100 00001000
01100101 00001000
01100110 00001001
01100110 00001010
01100110 00001010
01100111 00001011
01101000 00001011
01101000 00001100
01101000 00001101
01101001 00001110
01101010 00001111
01101010 00001111
01101010 00010000
01101011 00010001
01101100 00010010
01101100 00010011
01101100 00010101
01101101 00010110
01101110 00010111
01101110 00011000
01101110 00011010
01101111 00011011
01110000 00011101
01110000 00011111
01110000 00100000
01110001 00100010
01110010 00100100
01110010 00100110
01110010 00101000
01110011 00101010
01110100 00101100
01110100 00101111
01110100 00110001
01110101 00110100
01110110 00110110
01110110 00111001
01110110 00111100
01110111 00111111
01111000 01000010
01111000 01000101
01111000 01001000
01111001 01001011
01111010 01001111
01111010 01010010
01111010 01010110
01111011 01011001
01111100 01011101
01111100 01100001
01111100 01100100
01111101 01101000
01111110 01101100
01111110 01110000
01111110 01110100
01111111 01111000
10000000 01111100
10000000 10000000
